0 0 0.872 0.05989583387096774 0.876 0.09505208387096774 0.8580000000000001 0.14713541612903225 0.854 0.17578125 0.844 0.19140625 0.8300000000000001 0.1875 0.8160000000000001 0.16015625 0.804 0.15755208387096775 0.7939999999999999 0.1640625 0.7819999999999999 0.143678385483871 0.782828 0.1084375 0.798096 0.05783333387096774 0.806424 0.0009036451612903226 0.793932 0 0.872
0 0.1953125 0.74 0.21875 0.728 0.27213541612903225 0.7180000000000001 0.29817708387096775 0.6920000000000001 0.24609375 0.6880000000000001 0.16536458387096775 0.708 0.15625 0.7160000000000001 0.15755208387096775 0.732 0.1953125 0.74
0 0.37890625 0.5780000000000001 0.38151041612903225 0.59 0.36588541612903225 0.612 0.34244791612903225 0.618 0.37109375 0.64 0.45833333387096775 0.632 0.4765625 0.622 0.4921875 0.596 0.52734375 0.574 0.48697916612903225 0.55 0.48177083387096775 0.54 0.44791666612903225 0.528 0.41796875 0.53 0.40885416612903225 0.54 0.40625 0.536 0.40364583387096775 0.5459999999999999 0.37239583387096775 0.54 0.37109375 0.576 0.37890625 0.5780000000000001
0 0.09895833387096774 0.5319999999999999 0.16927083387096775 0.5319999999999999 0.20442708387096775 0.518 0.1953125 0.508 0.15632942741935485 0.50523 0.1319322919354839 0.506618 0.09505208387096774 0.504 0.06770833387096774 0.508 0.06770833387096774 0.522 0.09895833387096774 0.5319999999999999
0 0 0.334 0.048177083870967745 0.324 0.08984375 0.3 0.029820312903225805 0.30535799999999996 0 0.30397 0 0.334
0 0.01953125 0.626 0.13020833387096775 0.612 0.15885416612903225 0.596 0.07500260483870969 0.5954499999999999 0.020783854838709676 0.592674 0.08042447903225806 0.58157 0.06119791612903226 0.5599999999999999 0.0625 0.5680000000000001 0.04752604193548387 0.5780000000000001 0.01171875 0.5800000000000001 0.00390625 0.588 0.01171875 0.618 0.01953125 0.626
0 0.390625 0.394 0.41145833387096775 0.39799999999999996 0.44270833387096775 0.39199999999999996 0.45442708387096775 0.386 0.45442708387096775 0.378 0.39973958387096775 0.372 0.38671875 0.384 0.38411458387096775 0.388 0.390625 0.394
0 0.6015625 0.34400000000000003 0.6341145838709678 0.34600000000000003 0.6419270838709678 0.334 0.640625 0.328 0.609375 0.32199999999999995 0.5794270838709678 0.326 0.5755208338709678 0.33599999999999997 0.6015625 0.34400000000000003
0 0.667240885483871 0.429456 0.6497395838709678 0.44200000000000006 0.6875 0.45999999999999996 0.7395833338709678 0.44200000000000006 0.7026484370967742 0.431332 0.7486979161290322 0.422 0.7291666661290322 0.41 0.6575520838709678 0.4 0.6197916661290322 0.40800000000000003 0.62109375 0.41800000000000004 0.667240885483871 0.429456
0 0.7513020838709678 0.386 0.8033854161290322 0.386 0.8020833338709678 0.378 0.7916666661290322 0.372 0.7486979161290322 0.374 0.7447916661290322 0.38 0.7513020838709678 0.386
0 0.75 0.166 0.7903645838709678 0.158 0.7942708338709678 0.146 0.7591145838709678 0.14200000000000002 0.7239583338709678 0.15 0.7239583338709678 0.158 0.75 0.166
0 0.8138020838709678 0.19 0.9049479161290324 0.188 0.91015625 0.178 0.8854166661290324 0.174 0.8125 0.184 0.8098958338709678 0.188 0.8138020838709678 0.19
0 0.8359375 0.146 0.83984375 0.154 0.9361979161290324 0.158 0.9401210935483871 0.13315 0.9724752596774193 0.1294 0.9981145838709677 0.10595800000000001 0.9986979161290324 0.062 0.96484375 0.064 0.9192708338709676 0.094 0.9553828129032259 0.111584 0.9315742193548386 0.128462 0.9010507806451613 0.13408799999999998 0.8894518225806453 0.147216 0.8359375 0.146