0 0.9862903225806452 0.6072580645161291 0.025 0.024193548387096774
0 0.0953125 0.7301204822580645 0.1578125 0.7180722887096774 0.1796875 0.7036144580645162 0.184375 0.7108433741935484 0.19375 0.7060240967741935 0.1953125 0.6939759032258065 0.1734375 0.6819277112903226 0.1375 0.68433735 0.071875 0.7060240967741935 0.0359375 0.7204819274193549 0.0953125 0.7301204822580645
0 0.1296875 0.5855421693548387 0.153125 0.6024096387096773 0.1921875 0.6096385548387097 0.2203125 0.5927710838709678 0.2171875 0.5855421693548387 0.171875 0.5807228919354839 0.1546875 0.5662650596774194 0.1390625 0.5662650596774194 0.1296875 0.5710843370967742 0.1296875 0.5855421693548387
0 0.30625 0.8409638548387097 0.3921875 0.8650602403225807 0.4328125 0.8530120483870968 0.4359375 0.8289156629032258 0.465625 0.8289156629032258 0.4921875 0.7855421693548387 0.5171875 0.7951807225806452 0.621875 0.7975903612903226 0.6265625 0.8168674693548387 0.640625 0.8168674693548387 0.6421875 0.824096385483871 0.65625 0.8144578306451613 0.740625 0.8144578306451613 0.7515625 0.8337349403225807 0.803125 0.8313253016129033 0.84375 0.8457831322580645 0.8953125 0.8433734935483871 0.9171875 0.8289156629032258 0.890625 0.8168674693548387 0.8256093758064517 0.8140313258064517 0.8765625 0.7759036145161291 0.796875 0.7807228919354839 0.7765625 0.7710843370967743 0.746875 0.7421686741935484 0.746875 0.7277108435483871 0.7203125 0.7012048193548387 0.7140625 0.68433735 0.6578125 0.691566264516129 0.6484375 0.708433735483871 0.625 0.7180722887096774 0.515625 0.7301204822580645 0.4203125 0.7228915661290323 0.3703125 0.7493975903225807 0.315625 0.7542168677419355 0.3078125 0.7686746983870968 0.278125 0.7759036145161291 0.2890625 0.8168674693548387 0.30625 0.8409638548387097
0 0.8609375 0.9686746983870967 0.9984375 0.9783132532258064 0.9984375 0.9036144580645161 0.93125 0.8867469887096775 0.871875 0.8963855419354839 0.8671875 0.9036144580645161 0.875 0.9180722887096775 0.8296875 0.9469879516129032 0.8296875 0.9566265064516128 0.8609375 0.9686746983870967
0 0.6140625 0.6698795177419355 0.6703125 0.6795180725806451 0.6953125 0.6674698790322581 0.7046875 0.6530120483870968 0.6484375 0.6433734935483871 0.615625 0.6554216870967742 0.6109375 0.660240964516129 0.6140625 0.6698795177419355
0 0.6265625 0.6385542161290323 0.665625 0.6385542161290323 0.6796875 0.6216867467741936 0.64375 0.6144578306451614 0.6234375 0.6240963854838709 0.621875 0.6361445790322581 0.6265625 0.6385542161290323
0 0.7515625 0.6120481935483871 0.7984375 0.6144578306451614 0.8515625 0.6024096387096773 0.8546875 0.5927710838709678 0.8765625 0.5927710838709678 0.884375 0.5831325306451612 0.8453125 0.5783132532258064 0.746875 0.5927710838709678 0.7390625 0.6024096387096773 0.7515625 0.6120481935483871
0 0.7994421870967742 0.4884192774193548 0.8454593758064516 0.4884192774193548 0.89328125 0.48424337419354835 0.9046875 0.46746987903225806 0.7984375 0.4650602403225807 0.7765625 0.4722891564516129 0.7703125 0.4891566258064516 0.7994421870967742 0.4884192774193548
0 0.9984375 0.6771084338709678 0.9984375 0.6409638548387097 0.896875 0.6578313258064515 0.934375 0.6771084338709678 0.9984375 0.6771084338709678
0 0.9625 0.7228915661290323 0.975 0.7349397596774193 0.9984375 0.732530120967742 0.9984375 0.7060240967741935 0.946875 0.7108433741935484 0.9421875 0.7204819274193549 0.9625 0.7228915661290323
0 0.9984375 0.43373494032258064 0.9984375 0.40481927741935486 0.8625 0.40240963870967744 0.9125 0.4289156629032258 0.9984375 0.43373494032258064
0 0.7875 0.33493975967741935 0.8734375 0.3325301209677419 0.846875 0.32048192741935483 0.7625 0.31566265000000004 0.7609375 0.32289156612903225 0.7875 0.33493975967741935
0 0.6640625 0.49638554193548384 0.7109375 0.49638554193548384 0.728125 0.4819277112903226 0.715625 0.4554216870967742 0.65 0.4650602403225807 0.6453125 0.48433735 0.6640625 0.49638554193548384
0 0.6109375 0.5349397596774194 0.646875 0.5228915661290322 0.6078125 0.51566265 0.575 0.5253012048387097 0.5765625 0.532530120967742 0.6109375 0.5349397596774194
0 0.6609375 0.5686746983870967 0.65625 0.5590361451612904 0.5921875 0.5662650596774194 0.5921875 0.5734939758064516 0.6609375 0.5686746983870967
0 0.384375 0.6650602403225807 0.4046875 0.6554216870967742 0.4125 0.6385542161290323 0.34375 0.6313253016129032 0.303125 0.6433734935483871 0.3 0.6530120483870968 0.384375 0.6650602403225807
0 0.3171875 0.5734939758064516 0.3953125 0.5638554209677419 0.4265625 0.5421686741935484 0.4125 0.5204819274193548 0.31875 0.5204819274193548 0.2625 0.5397590354838709 0.25625 0.5445783129032258 0.3171875 0.5734939758064516
0 0.30625 0.4939759032258065 0.378125 0.4939759032258065 0.40625 0.4819277112903226 0.378125 0.4650602403225807 0.321875 0.4506024096774193 0.2875 0.4506024096774193 0.2296875 0.4722891564516129 0.2359375 0.48433735 0.30625 0.4939759032258065
0 0.2390625 0.4433734935483871 0.340625 0.4457831322580645 0.3654328129032258 0.4299759032258064 0.3140625 0.41927710806451607 0.21875 0.4265060241935484 0.215625 0.4313253016129033 0.2390625 0.4433734935483871
0 0 0.4265060241935484 0.059375 0.4096385548387097 0.0671875 0.3927710838709677 0.0421875 0.3614457838709677 0.0125 0.3590361451612903 0 0.3638554209677419 0 0.4265060241935484
0 0.1515625 0.3927710838709677 0.240625 0.3879518064516129 0.2359375 0.3638554209677419 0.221875 0.34698795161290324 0.1671875 0.34939759032258066 0.15 0.3638554209677419 0.1453125 0.3903614451612903 0.1515625 0.3927710838709677
0 0.153125 0.3421686741935484 0.3 0.3325301209677419 0.3296875 0.33493975967741935 0.3546875 0.34939759032258066 0.3875 0.33734939838709677 0.3859375 0.31566265000000004 0.3765625 0.3108433741935484 0.1515625 0.31566265000000004 0.1484375 0.33734939838709677 0.153125 0.3421686741935484
0 0.4 0.3975903612903226 0.4390625 0.4 0.4609375 0.38072289193548386 0.459375 0.36867469838709677 0.440625 0.3638554209677419 0.3875 0.36626505967741935 0.3796875 0.3855421693548387 0.4 0.3975903612903226
0 0.49375 0.3518072290322581 0.49375 0.33493975967741935 0.4859375 0.3301204822580645 0.4390625 0.3277108435483871 0.4171875 0.33734939838709677 0.4265625 0.35662650645161287 0.49375 0.3518072290322581
0 0.409375 0.2963855419354839 0.446875 0.29397590322580647 0.4515625 0.2867469887096774 0.44375 0.26987951774193547 0.4234375 0.26265060161290327 0.371875 0.26506024032258063 0.38125 0.2867469887096774 0.409375 0.2963855419354839
0 0.4625 0.20240963870967743 0.4890625 0.21927710806451614 0.5359375 0.2313253016129032 0.5796875 0.2289156629032258 0.4859375 0.16144578387096772 0.45 0.16144578387096772 0.4453125 0.16867469838709676 0.4625 0.20240963870967743
0 0.6578125 0.2867469887096774 0.6890625 0.27710843387096773 0.6890625 0.26987951774193547 0.659375 0.26506024032258063 0.584375 0.26746987903225805 0.5875 0.2746987951612903 0.6578125 0.2867469887096774
0 0.61875 0.26265060161290327 0.6671875 0.25783132580645163 0.665625 0.25060240967741937 0.609375 0.2409638548387097 0.603125 0.2554216870967742 0.61875 0.26265060161290327
0 0.7421875 0.3180722887096774 0.784375 0.32048192741935483 0.796875 0.308433735483871 0.7890625 0.29397590322580647 0.7703125 0.28915662580645163 0.6765625 0.28915662580645163 0.7046875 0.308433735483871 0.7421875 0.3180722887096774
0 0.509375 0.47469879516129027 0.5578125 0.4650602403225807 0.5640625 0.4506024096774193 0.5421875 0.4385542161290323 0.4671875 0.4506024096774193 0.46875 0.4650602403225807 0.509375 0.47469879516129027