0 0.5857805258064516 0.7599009903225806 0.6120556419354839 0.7896039596774194 0.6259659967741936 0.7945544548387097 0.6955177741935484 0.7648514854838709 0.709428129032258 0.7202970290322581 0.7047913451612904 0.7029702967741935 0.6785162290322581 0.6707920790322581 0.622874806451613 0.6584158419354839 0.5965996903225806 0.6757425741935484 0.57805255 0.7153465338709678 0.5749613596774193 0.7326732677419355 0.5857805258064516 0.7599009903225806
0 0.6080645161290322 0.44193548387096776 0.049193548387096775 0.027419354838709678
0 0.26584235 0.2871287129032258 0.2642967548387097 0.27475247580645157 0.2241112822580645 0.27475247580645157 0.22720247258064516 0.28960395967741936 0.26584235 0.2871287129032258
0 0.23802163870967744 0.4381188112903226 0.27202472903225805 0.43564356451612907 0.29675425 0.4183168322580645 0.2812983 0.4009900983870968 0.24420401774193545 0.3861386145161291 0.22256568709677418 0.39603960322580645 0.22102009193548386 0.42326732741935486 0.23802163870967744 0.4381188112903226
0 0.5007727967741935 0.3935643564516129 0.537867079032258 0.39603960322580645 0.5579598145161291 0.3811881193548387 0.542503864516129 0.3638613854838709 0.48531684677419357 0.33415841612903224 0.42503864032258065 0.3168316838709677 0.42194745 0.33168316774193546 0.5007727967741935 0.3935643564516129
0 0.46986089677419357 0.4554455451612903 0.5007727967741935 0.4554455451612903 0.517774343548387 0.4405940596774194 0.517774343548387 0.4257425741935484 0.5100463677419355 0.4158415838709677 0.45285935161290325 0.4009900983870968 0.4497681612903226 0.41089108870967744 0.46986089677419357 0.4554455451612903
0 0.10200927419354838 0.7599009903225806 0.12828438870967743 0.7747524758064517 0.1916537870967742 0.7722772274193549 0.3292117467741935 0.7202970290322581 0.45285935161290325 0.6608910887096774 0.47140649193548384 0.6410891096774194 0.4806800612903226 0.613861385483871 0.4806800612903226 0.5915841580645161 0.46522411129032254 0.5668316838709678 0.42658423548387103 0.5445544548387097 0.292117464516129 0.5321782177419355 0.12210200967741934 0.6336633661290323 0.0958268935483871 0.6806930693548386 0.09119010806451612 0.7450495048387097 0.10200927419354838 0.7599009903225806
0 0.0664605870967742 0.992574258064516 0.19010819193548387 0.9975247532258064 0.1916537870967742 0.8762376241935484 0.1700154564516129 0.8193069306451614 0.1468315306451613 0.8168316838709678 0.07882534838709677 0.9108910887096774 0.06336939677419355 0.9579207919354839 0.0664605870967742 0.992574258064516
0 0.6460587322580645 0.8267326725806451 0.6599690887096774 0.8663366338709677 0.70324575 0.9331683161290322 0.7233384854838709 0.9381188112903225 0.7357032451612903 0.9084158419354837 0.7202472951612903 0.8564356435483871 0.673879443548387 0.8094059403225806 0.6537867080645161 0.79950495 0.6460587322580645 0.8094059403225806 0.6460587322580645 0.8267326725806451
0 0.5641421951612904 0.5643564354838709 0.5950540951612903 0.5618811887096774 0.6537867080645161 0.613861385483871 0.6661514677419355 0.5965346532258065 0.6646058725806451 0.5792079209677419 0.622874806451613 0.5445544548387097 0.622874806451613 0.5148514854838709 0.5981452854838709 0.49752475322580647 0.5548686241935484 0.49752475322580647 0.5440494596774194 0.5222772274193549 0.542503864516129 0.5396039596774194 0.5641421951612904 0.5643564354838709
0 0.7109737241935484 0.4876237629032258 0.73415765 0.4876237629032258 0.7480680064516129 0.46782178225806453 0.7465224112903225 0.4554455451612903 0.707882535483871 0.4331683161290322 0.6754250387096774 0.4331683161290322 0.683153014516129 0.45792079193548385 0.7109737241935484 0.4876237629032258
0 0.7387944354838709 0.42821782258064517 0.814528593548387 0.4331683161290322 0.8330757338709677 0.4207920790322581 0.814528593548387 0.39851485161290323 0.7681607419354839 0.3811881193548387 0.7233384854838709 0.3861386145161291 0.7063369403225807 0.4009900983870968 0.7047913451612904 0.41089108870967744 0.7387944354838709 0.42821782258064517
0 0.8825347758064516 0.3737623758064516 0.9984544048387097 0.39603960322580645 0.9984544048387097 0.3638613854838709 0.9613601241935483 0.3564356435483871 0.9350850080645161 0.32920792096774193 0.8763523951612903 0.3490099016129032 0.8732612048387097 0.3564356435483871 0.8825347758064516 0.3737623758064516
0 0.9536321483870968 0.46534653387096775 0.9984544048387097 0.4900990096774193 0.9984544048387097 0.43564356451612907 0.9659969080645162 0.4257425741935484 0.9489953629032257 0.4331683161290322 0.9428129822580644 0.44554455483870964 0.9536321483870968 0.46534653387096775
0 0.7619783612903226 0.5247524758064517 0.8176197838709677 0.5569306935483871 0.8454404951612903 0.5841584161290323 0.8871715612903226 0.5915841580645161 0.9489953629032257 0.621287129032258 0.9860896451612904 0.621287129032258 0.9907264290322582 0.613861385483871 0.9737248838709678 0.5792079209677419 0.9335394129032258 0.5544554451612903 0.8748068 0.5371287129032258 0.8608964451612904 0.5198019806451613 0.814528593548387 0.49752475322580647 0.7836166919354839 0.4876237629032258 0.7588871709677419 0.4950495048387097 0.7542503870967742 0.5074257419354838 0.7619783612903226 0.5247524758064517
0 0.7712519322580645 0.6831683161290322 0.8191653790322581 0.7178217822580645 0.868624420967742 0.7079207919354839 0.9072642967741936 0.6559405935483872 0.9010819161290323 0.6386138612903225 0.8809891806451613 0.6311881193548388 0.839258114516129 0.6386138612903225 0.7789799080645161 0.6237623758064516 0.7557959822580644 0.6410891096774194 0.7542503870967742 0.6559405935483872 0.7712519322580645 0.6831683161290322
0 0.7619783612903226 0.8118811887096774 0.7867078822580645 0.8539603967741937 0.8346213290322582 0.8811881193548388 0.8701700161290322 0.8811881193548388 0.868624420967742 0.8415841580645163 0.8438949 0.8019801983870968 0.814528593548387 0.7772277225806452 0.763523956451613 0.7722772274193549 0.7588871709677419 0.7747524758064517 0.7619783612903226 0.8118811887096774
0 0.9242658419354838 0.7821782177419355 0.975270479032258 0.8514851483870968 0.9984544048387097 0.863861385483871 0.9984544048387097 0.7722772274193549 0.9072642967741936 0.7326732677419355 0.9088098919354839 0.7549504951612903 0.9242658419354838 0.7821782177419355