0 0.7467741935483871 0.21370967741935484 0.08548387096774193 0.021774193548387097
0 0.7298387096774194 0.19032258064516128 0.07338709677419354 0.01935483870967742
0 0.7104838709677419 0.1717741935483871 0.06774193548387097 0.016935483870967744
0 0.6911290322580645 0.15806451612903225 0.04758064516129032 0.016129032258064516
0 0.5564516129032258 0.1774193548387097 0.04112903225806452 0.07661290322580645
0 0.34047109193548386 0.9979797983870968 0.595289079032258 0.9979797983870968 0.6167023548387097 0.9333333338709677 0.6124197 0.9151515145161291 0.5760171306451614 0.8808080806451613 0.5396145612903226 0.8101010096774194 0.5246252677419355 0.8020202016129032 0.5246252677419355 0.7939393935483872 0.48608137096774195 0.785858585483871 0.4411134903225806 0.8060606064516128 0.4239828693548387 0.8262626258064516 0.38972162741935484 0.8444444451612904 0.35974304032258064 0.8484848483870968 0.32119914354838713 0.9191919193548388 0.31477516129032257 0.9939393935483871 0.34047109193548386 0.9979797983870968
0 0.2055674516129032 0.7030303032258064 0.2955032112903226 0.7171717177419354 0.3982869370967742 0.6969696967741936 0.4154175596774194 0.6868686870967742 0.4239828693548387 0.6666666661290322 0.4175588870967742 0.65050505 0.39186295483870964 0.6363636370967742 0.32334047096774193 0.620202020967742 0.26552462580645164 0.6262626258064516 0.25267665967741937 0.6363636370967742 0.2291220564516129 0.6323232322580645 0.18629550322580646 0.6565656564516129 0.18201284838709678 0.684848485483871 0.2055674516129032 0.7030303032258064
0 0.14132762258064516 0.41010100967741936 0.2869379016129032 0.4 0.35760171290322584 0.3797979790322581 0.32762312580645164 0.37171717096774193 0.21627409032258063 0.37171717096774193 0.1177730193548387 0.3979797983870968 0.1177730193548387 0.4060606064516129 0.14132762258064516 0.41010100967741936
0 0.24839400483870966 0.48080808064516123 0.29336188387096773 0.47676767741935483 0.32548179838709673 0.464646464516129 0.338329764516129 0.4484848483870968 0.29336188387096773 0.43030303064516123 0.26124196935483873 0.43030303064516123 0.2398286935483871 0.4363636370967742 0.22269807258064514 0.4545454548387096 0.2184154177419355 0.4727272725806452 0.24839400483870966 0.48080808064516123
0 0.40042826612903226 0.5373737370967742 0.436830835483871 0.54949495 0.5117773016129031 0.5393939387096774 0.5246252677419355 0.5232323225806452 0.5203426129032258 0.4989898983870968 0.481798714516129 0.48080808064516123 0.45610278387096775 0.48080808064516123 0.39614560967741935 0.5131313129032258 0.39186295483870964 0.529292929032258 0.40042826612903226 0.5373737370967742
0 0.6316916483870968 0.41010100967741936 0.6531049258064516 0.4121212129032258 0.6959314774193548 0.3959595951612903 0.69379015 0.3636363629032258 0.6274089935483871 0.3555555548387097 0.6145610274193548 0.37171717096774193 0.6124197 0.3878787870967742 0.6316916483870968 0.41010100967741936
0 0.35117773064516133 0.2565656564516129 0.4239828693548387 0.25050505 0.4025695935483871 0.23434343387096773 0.29122055645161293 0.2323232322580645 0.29122055645161293 0.24242424193548387 0.35117773064516133 0.2565656564516129
0 0.37687366129032257 0.19595959516129033 0.4304068516129032 0.18989899032258065 0.43897216290322577 0.1757575758064516 0.39186295483870964 0.16969696935483872 0.33404710967741935 0.18383838387096774 0.3490364032258064 0.19595959516129033 0.37687366129032257 0.19595959516129033
0 0.5203426129032258 0.2666666661290323 0.5931477516129032 0.24444444516129032 0.5481798709677419 0.2323232322580645 0.481798714516129 0.25050505 0.4882226983870968 0.2626262629032258 0.5203426129032258 0.2666666661290323
0 0.7301927193548388 0.27272727258064516 0.7837259096774193 0.2828282822580645 0.8137044967741935 0.2808080806451613 0.8479657387096774 0.25050505 0.7708779435483871 0.22828282903225808 0.7516059951612903 0.22828282903225808 0.7280513919354838 0.24646464677419352 0.7194860806451613 0.2626262629032258 0.7301927193548388 0.27272727258064516
0 0.6809421838709677 0.10909090967741936 0.6723768741935484 0.09898989838709678 0.6295503209677419 0.09898989838709678 0.6573875806451613 0.1131313129032258 0.6809421838709677 0.10909090967741936