0 0.9312173338709677 0.4622928709677419 0.965884 0.4680732177419355 0.9805506661290323 0.4622928709677419 0.9432173338709678 0.4410982661290323 0.921884 0.4430250483870967 0.9192173338709678 0.4545857419354839 0.9312173338709677 0.4622928709677419
0 0.5906666661290322 0.7668593451612903 0.6173333338709678 0.7764932564516129 0.652 0.7514450870967743 0.6839999999999999 0.7167630064516128 0.6146666661290322 0.7032755306451612 0.596 0.7109826596774194 0.5826666661290323 0.7321772645161291 0.5813333338709678 0.7475915225806452 0.5906666661290322 0.7668593451612903
0 0.468 0.8362235064516129 0.508 0.8381502887096774 0.5333333338709678 0.8304431596774194 0.5413333338709677 0.8169556838709677 0.5186666661290322 0.8053949903225807 0.496 0.8053949903225807 0.464 0.8188824661290323 0.45999999999999996 0.8265895951612903 0.468 0.8362235064516129
0 0.39466666612903223 0.7707129096774193 0.4333333338709678 0.7668593451612903 0.47066666612903224 0.7475915225806452 0.46933333387096776 0.7321772645161291 0.45999999999999996 0.7225433532258064 0.42266666612903225 0.7148362241935484 0.38133333387096774 0.7148362241935484 0.3653333338709677 0.736030829032258 0.3653333338709677 0.7610789983870968 0.39466666612903223 0.7707129096774193
0 0.27466666612903223 0.9017341048387097 0.2893333338709677 0.9344894032258064 0.34133333387096776 0.9421965322580644 0.38 0.9383429677419355 0.384 0.9306358387096775 0.4 0.9306358387096775 0.42 0.9152215806451612 0.424 0.9190751451612903 0.44 0.8959537564516128 0.42800000000000005 0.8766859338709678 0.38133333387096774 0.8612716758064516 0.31733333387096774 0.8554913290322581 0.29466666612903225 0.8709055870967741 0.29466666612903225 0.8805394983870968 0.27466666612903223 0.9017341048387097
0 0.38933333387096775 0.8381502887096774 0.412 0.8381502887096774 0.43733333387096773 0.8285163774193549 0.4466666661290323 0.8073217725806451 0.4 0.7996146435483871 0.3826666661290323 0.8150289016129032 0.38133333387096774 0.8246628129032259 0.38933333387096775 0.8381502887096774
0 0.01866666612903226 0.7418111758064516 0.014666666129032257 0.7475915225806452 0.017333333870967742 0.7572254338709677 0.052000000000000005 0.7610789983870968 0.08399999999999999 0.7495183048387096 0.11466666612903226 0.7572254338709677 0.12933333387096774 0.7803468209677419 0.16666666612903225 0.78805395 0.2893333338709677 0.7533718693548387 0.3013333338709677 0.7206165709677419 0.388 0.691714835483871 0.4 0.6705202306451612 0.37733333387096774 0.643545279032258 0.37066666612903226 0.6262042387096775 0.356 0.6184971096774193 0.328 0.6184971096774193 0.28266666612903224 0.5915221580645161 0.21333333387096776 0.5915221580645161 0.156 0.6011560693548388 0.12266666612903225 0.5973025048387097 0.09466666612903227 0.6069364161290323 0.002666666129032258 0.6801541419354838 0 0.7167630064516128 0.01866666612903226 0.7418111758064516
0 0.08780933387096773 0.58873025 0.10837733387096773 0.5875876693548386 0.15466666612903227 0.5645472064516129 0.076 0.5645472064516129 0.05066666612903226 0.579961464516129 0.068032 0.5921599225806452 0.08780933387096773 0.58873025
0 0.212 0.46050096290322584 0.21866666612903224 0.504816956451613 0.20933333387096772 0.5144508677419355 0.19066666612903227 0.5163776499999999 0.18933333387096773 0.5356454725806451 0.22 0.5375722548387097 0.24266666612903223 0.5298651258064516 0.25333333387096774 0.5337186903225807 0.25733333387096774 0.5260115612903226 0.288 0.5260115612903226 0.31066666612903227 0.5317919080645162 0.3133333338709678 0.5510597306451613 0.32933333387096775 0.5568400774193549 0.3453333338709677 0.5472061661290323 0.364 0.5626204241935484 0.379556 0.5529865129032258 0.4266666661290323 0.5510597306451613 0.452 0.47398843870967744 0.5626666661290323 0.47398843870967744 0.6093333338709678 0.4797687854838709 0.6146666661290322 0.48747591451612904 0.6186666661290322 0.4759152209677419 0.6266666661290323 0.4797687854838709 0.664 0.47013487419354844 0.6786666661290323 0.45472061612903225 0.6813333338709677 0.4393063580645161 0.7173333338709678 0.4335260112903226 0.7253333338709678 0.43737957580645165 0.7346666661290323 0.45857418064516126 0.72 0.46820809193548385 0.7386666661290323 0.46820809193548385 0.7866666661290322 0.44508670483870966 0.9199999999999999 0.44701348709677424 0.924 0.43737957580645165 0.9653333338709678 0.42196531774193546 0.968 0.4104046241935484 0.9986666661290322 0.39691714838709674 0.9986666661290322 0.3448940274193548 0.9453333338709677 0.3487475919354839 0.8879999999999999 0.36416185 0.868 0.3776493258064516 0.8186666661290323 0.38342967258064514 0.5800000000000001 0.3737957612903226 0.39199999999999996 0.40269749516129033 0.35066666612903225 0.41811175322580646 0.33733333387096776 0.4104046241935484 0.32933333387096775 0.4123314064516129 0.328 0.420038535483871 0.2973333338709677 0.420038535483871 0.164 0.45664739838709684 0.16933333387096774 0.46435452741935485 0.212 0.46050096290322584
0 0.6413333338709677 0.6050096338709677 0.6906666661290323 0.6069364161290323 0.7386666661290323 0.5857418112903225 0.748 0.5664739887096774 0.7613333338709677 0.5568400774193549 0.752 0.5491329483870968 0.7160000000000001 0.5472061661290323 0.6982226661290323 0.5703275532258065 0.628 0.5780346822580645 0.6226666661290323 0.5895953758064516 0.6413333338709677 0.6050096338709677
0 0.5146666661290322 0.6069364161290323 0.5640000000000001 0.6050096338709677 0.5626666661290323 0.5934489403225806 0.5439999999999999 0.579961464516129 0.5133333338709677 0.579961464516129 0.508 0.5934489403225806 0.5146666661290322 0.6069364161290323