0 0.03587443870967742 0.5714285709677419 0.09192825161290323 0.5714285709677419 0.10986547096774193 0.5847176080645161 0.20852017903225806 0.5780730903225807 0.3026905822580645 0.5382059806451612 0.3408071741935484 0.49833887096774193 0.28026905806451613 0.4717607967741935 0.17264574032258065 0.4717607967741935 0.03587443870967742 0.49833887096774193 0.013452914516129032 0.5083056483870968 0.00672645806451613 0.5249169435483871 0.004484304838709678 0.5514950161290323 0.03587443870967742 0.5714285709677419
0 0.1188340806451613 0.973421927419355 0.12107623387096775 0.9966777403225806 0.6816143499999999 0.9933554822580646 0.6434977580645161 0.8770764112903225 0.6031390129032258 0.8239202661290322 0.4730941709677419 0.7441860467741935 0.34304932741935484 0.7209302322580645 0.29820627741935485 0.7242524919354838 0.20403587419354838 0.7707641193548388 0.02017937258064516 0.9368770758064516 0.0852017935483871 0.9435215951612903 0.1188340806451613 0.973421927419355
0 0.6300448435483871 0.6378737548387097 0.7085201790322581 0.6843853822580646 0.7556053806451614 0.6910299 0.8430493274193548 0.6611295677419354 0.8430493274193548 0.6445182725806452 0.7780269064516129 0.5647840532258065 0.7354260096774193 0.5415282387096774 0.6838565016129032 0.5415282387096774 0.623318385483871 0.5946843854838709 0.6188340806451612 0.6179402 0.6300448435483871 0.6378737548387097
0 0.6188340806451612 0.47840531612903225 0.6636771306451613 0.5149501661290322 0.7511210758064516 0.5249169435483871 0.8183856500000001 0.5149501661290322 0.8161434983870968 0.49833887096774193 0.7959641258064516 0.48172757419354834 0.7017937225806451 0.4385382064516129 0.5807174887096774 0.4385382064516129 0.5717488790322581 0.4485049838709677 0.5762331838709677 0.46511627903225805 0.6188340806451612 0.47840531612903225
0 0.9484304935483872 0.5448504983870968 0.9417040354838709 0.5780730903225807 0.9260089693548387 0.5880398677419355 0.9304932741935484 0.5980066451612903 0.9977578467741935 0.6378737548387097 0.9977578467741935 0.4950166112903226 0.9215246629032258 0.4717607967741935 0.8475336322580646 0.46843853870967744 0.8295964129032258 0.47508305645161286 0.9484304935483872 0.5448504983870968
0 0.5829596419354839 0.40863787419354836 0.6905829596774193 0.4285714290322581 0.6188340806451612 0.38870431935483873 0.5650224209677419 0.37541528225806453 0.551569506451613 0.37541528225806453 0.5829596419354839 0.40863787419354836
0 0.3923766822580645 0.41860465161290317 0.4641255612903226 0.41860465161290317 0.4618834080645161 0.39867109677419355 0.4304932741935484 0.3820598 0.3968609870967742 0.3820598 0.3744394612903226 0.4019933548387097 0.3744394612903226 0.4119601322580645 0.3923766822580645 0.41860465161290317
0 0.1591928258064516 0.37873754193548387 0.3026905822580645 0.3720930225806452 0.29820627741935485 0.3588039870967742 0.2758901338709677 0.35492690967741936 0.15587219677419353 0.3645182725806452 0.1524663677419355 0.37541528225806453 0.1591928258064516 0.37873754193548387
0 0.004484304838709678 0.4451827241935484 0.004484304838709678 0.47840531612903225 0.0336322870967742 0.47840531612903225 0.038116591935483876 0.47508305645161286 0.0672645741935484 0.4717607967741935 0.08295964193548387 0.45182724193548385 0.08295964193548387 0.4485049838709677 0.07847533709677419 0.44186046451612904 0.0695067258064516 0.44186046451612904 0.0672645741935484 0.4385382064516129 0.05381165967741935 0.4385382064516129 0.0515695064516129 0.44186046451612904 0.004484304838709678 0.4451827241935484
0 0.004484304838709678 0.39867109677419355 0.00672645806451613 0.4019933548387097 0.026905829032258063 0.4019933548387097 0.05381165967741935 0.39867109677419355 0.05605381129032258 0.39534883709677415 0.0739910306451613 0.39534883709677415 0.09417040322580644 0.38870431935483873 0.09865470806451614 0.3853820596774194 0.09865470806451614 0.37541528225806453 0.03587443870967742 0.37873754193548387 0.011210762903225806 0.3820598 0.00672645806451613 0.3853820596774194 0.004484304838709678 0.38870431935483873 0.004484304838709678 0.39867109677419355
0 0.004484304838709678 0.3621262451612903 0.00672645806451613 0.36544850483870966 0.03139013387096774 0.36544850483870966 0.0336322870967742 0.3621262451612903 0.04260089677419355 0.3621262451612903 0.04484305 0.36544850483870966 0.07623318387096775 0.3621262451612903 0.08295964193548387 0.3588039870967742 0.08744394677419355 0.35215946774193546 0.0852017935483871 0.34551495 0.024663677419354837 0.34551495 0.022421524193548387 0.3488372096774193 0.00672645806451613 0.3488372096774193 0.004484304838709678 0.35215946774193546 0.004484304838709678 0.3621262451612903
0 0.004484304838709678 0.31893687741935484 0.004484304838709678 0.3255813951612903 0.011210762903225806 0.32890365483870965 0.06502242096774194 0.32890365483870965 0.0672645741935484 0.3255813951612903 0.08071748870967742 0.3255813951612903 0.08968609838709678 0.31893687741935484 0.09865470806451614 0.31893687741935484 0.1031390129032258 0.3156146177419355 0.1031390129032258 0.3089701 0.09865470806451614 0.3056478403225807 0.07174887903225806 0.3056478403225807 0.0695067258064516 0.3089701 0.0627802693548387 0.3089701 0.058295964516129034 0.3122923580645161 0.015695067741935485 0.3156146177419355 0.013452914516129032 0.31893687741935484 0.004484304838709678 0.31893687741935484