0 0.5701612903225807 0.09112903225806451 0.10161290322580645 0.0532258064516129
0 0.12000000000000001 0.6891385774193548 0.185 0.6891385774193548 0.275 0.644194756451613 0.2125 0.644194756451613 0.1425 0.5917603 0.1025 0.5992509370967741 0.06999999999999999 0.625468164516129 0.0825 0.6779026209677419 0.12000000000000001 0.6891385774193548
0 0.08482250000000001 0.5470823967741936 0.1098225 0.5591235951612903 0.1339275 0.5591235951612903 0.165 0.5430711612903225 0.14500000000000002 0.5168539322580645 0.0775 0.5205992516129032 0.057499999999999996 0.5393258419354838 0.055 0.5580524338709677 0.08482250000000001 0.5470823967741936
0 0 0.48689138548387095 0.15 0.4644194758064516 0.1525 0.4419475661290323 0.1375 0.4344569290322581 0 0.4344569290322581 0 0.48689138548387095
0 0.235 0.4044943822580645 0.355 0.4194756548387097 0.3825 0.4007490629032258 0.3775 0.3745318354838709 0.2848225 0.37988389516129034 0.3075 0.32958801451612907 0.2675 0.32958801451612907 0.21 0.3558052435483871 0.20750000000000002 0.3745318354838709 0.235 0.4044943822580645
0 0.485 0.644194756451613 0.47750000000000004 0.6104868919354839 0.4366075 0.6219887645161291 0.404465 0.6126254677419355 0.35 0.5992509370967741 0.31 0.6217228467741935 0.3775 0.6516853935483871 0.485 0.644194756451613
0 0.5 0.7565543064516129 0.5375 0.7340823967741935 0.5425 0.7078651677419354 0.48000000000000004 0.6966292129032259 0.4625 0.7303370790322581 0.4675 0.7565543064516129 0.5 0.7565543064516129
0 0.8475 0.5692883887096775 0.8975000000000001 0.6516853935483871 0.9975 0.7565543064516129 0.9975 0.6666666661290322 0.9875 0.6479400741935484 0.9675 0.6329588016129032 0.935 0.5692883887096775 0.8725 0.5580524338709677 0.8475 0.5580524338709677 0.8475 0.5692883887096775
0 0.6224999999999999 0.22846441935483872 0.6275000000000001 0.23970037419354837 0.7275 0.26217228387096775 0.7775 0.25842696612903227 0.74 0.23220973709677417 0.7275 0.19101123548387094 0.635 0.18726591774193546 0.6325 0.22097378225806452 0.6224999999999999 0.22846441935483872
0 0.65 0.1760299629032258 0.725 0.14606741612903226 0.7050000000000001 0.13108614193548387 0.55 0.13483146129032259 0.5525 0.15730337096774194 0.65 0.1760299629032258
0 0.4875 0.20224719032258065 0.505 0.1722846435483871 0.47750000000000004 0.16853932580645162 0.45 0.19850187258064517 0.45 0.21348314677419356 0.4875 0.20224719032258065
0 0.26 0.14981273387096775 0.38 0.15355805322580646 0.4225 0.1161048693548387 0.34 0.11235954999999999 0.2575 0.13483146129032259 0.2525 0.14606741612903226 0.26 0.14981273387096775
0 0.39 0.06741573064516129 0.43249999999999994 0.07116104838709678 0.42 0.052434456451612904 0.3825 0.04119850161290323 0.3675 0.04868913870967742 0.39 0.06741573064516129
0 0.47 0 0.455 0.011235954838709677 0.45749999999999996 0.022471909677419355 0.5325 0.026217229032258062 0.6275000000000001 0.05617977580645161 0.645 0.037453183870967736 0.5675 0 0.47 0