0 0.5903225806451613 0.8870967741935484 0.1879032258064516 0.09274193548387097
0 0.782258064516129 0.9185483870967742 0.11854838709677419 0.09112903225806451
0 0.30175438548387096 0.6962864725806451 0.34084298225806453 0.7078063661290322 0.34905614032258064 0.7145331564516129 0.32955 0.7279854112903226 0.4599324564516129 0.7269509290322581 0.4578798241935484 0.7217758612903226 0.4157877193548387 0.7109111403225806 0.40483684193548386 0.7145331564516129 0.3856728064516129 0.7047015919354839 0.4486394741935484 0.6984933693548387 0.4623280709677419 0.6845238725806452 0.47464736774193544 0.6777970822580646 0.46609210483870966 0.6715888596774193 0.497368420967742 0.6684350129032258 0.5131578951612903 0.6684350129032258 0.5166666661290322 0.6618037129032258 0.505263158064516 0.6564986741935483 0.4491228064516129 0.6525198935483871 0.46609210483870966 0.6591710870967742 0.44658684193548387 0.6627931032258064 0.4301605258064516 0.6607228112903226 0.4301605258064516 0.6700358096774194 0.4448754387096774 0.6783143241935484 0.4205780709677419 0.6767626 0.4489815790322581 0.6845238725806452 0.31666666612903227 0.6816976129032257 0.3035087725806452 0.6883289129032258 0.30175438548387096 0.6962864725806451
0 0.2617921048387097 0.6881458887096774 0.2775342112903226 0.6829708225806451 0.25631666612903226 0.6777970822580646 0.2583701758064516 0.7088408483870968 0.2631605258064516 0.7047015919354839 0.2795868419354839 0.7026326258064516 0.2761649129032258 0.6928023870967742 0.2607657887096774 0.6928023870967742 0.2617921048387097 0.6881458887096774
0 0.2631578951612903 0.6087533161290323 0.30175438548387096 0.6021220161290323 0.298245614516129 0.5862068967741936 0.2666666661290323 0.5875331564516129 0.2614035080645161 0.5954907161290323 0.2596491225806452 0.6034482758064516 0.2631578951612903 0.6087533161290323
0 0.18958508709677419 0.5660384612903226 0.2025894741935484 0.5582771887096775 0.2228070177419355 0.5557029177419355 0.2201754387096774 0.5517241387096774 0.16929824516129033 0.5503978774193549 0.14122807096774193 0.5596816983870968 0.1570754387096774 0.5650039790322581 0.18958508709677419 0.5660384612903226
0 0.03832807096774194 0.5960477451612903 0.02600789516129032 0.6027745354838709 0.027035087096774192 0.6094999999999999 0 0.6167108758064517 0.024981579032258065 0.6157095483870968 0.03832807096774194 0.6146737403225806 0.03559035161290323 0.6198488064516129 0.020874561290322582 0.6245053048387097 0.03969649193548387 0.6301962870967742 0.05714912258064517 0.6229522548387096 0.045856140322580646 0.6167440322580645 0.07597105322580645 0.6084655177419355 0.08281491290322582 0.6043262596774194 0.07357543870967742 0.6017387274193549 0.06125614032258065 0.5970822274193549 0.11929824516129033 0.5915119370967742 0.08947368387096774 0.5862068967741936 0.028070175806451613 0.5875331564516129 0.022585964516129032 0.592425729032258 0.03832807096774194 0.5960477451612903
0 0.16666666612903225 0.5013262596774193 0.1771929822580645 0.5026525193548387 0.26842105322580645 0.5013262596774193 0.2938596483870968 0.48938992096774186 0.2771929822580645 0.4827586209677419 0.19473684193548385 0.4827586209677419 0.18947368387096775 0.4880636596774193 0.16228070161290323 0.48938992096774186 0.16140350806451614 0.49469495967741933 0.16666666612903225 0.5013262596774193
0 0.3763157887096774 0.6074270564516129 0.42105263225806455 0.6021220161290323 0.4315789467741936 0.5954907161290323 0.4289473677419355 0.5901856758064516 0.3842105258064516 0.5835543774193549 0.34649122741935484 0.5954907161290323 0.34561403548387093 0.6007957564516129 0.3763157887096774 0.6074270564516129
0 0.5749157887096774 0.560864720967742 0.6108482451612903 0.5587944290322581 0.6248789467741935 0.5520689661290322 0.5865508774193549 0.5515503983870969 0.5564368419354838 0.5515503983870969 0.5245614032258065 0.5557029177419355 0.5236842112903226 0.5596816983870968 0.5749157887096774 0.560864720967742
0 0.6447368419354839 0.6167108758064517 0.6736842112903226 0.6167108758064517 0.6807017548387096 0.5994694967741936 0.656704385483871 0.605360741935484 0.6421052629032258 0.6100795758064517 0.6403508774193548 0.6140583548387097 0.6447368419354839 0.6167108758064517
0 0.6175438596774193 0.7241379306451613 0.6175438596774193 0.7360742709677419 0.6885964919354839 0.7387267903225806 0.7464912274193549 0.7281167112903226 0.7219298241935485 0.7055702919354838 0.7122807016129032 0.6896551725806451 0.697368420967742 0.6909814322580645 0.6771929822580645 0.6763925725806452 0.6228070177419355 0.6803713532258064 0.6070175435483871 0.7015915112903226 0.6052631580645161 0.7122015919354838 0.6175438596774193 0.7241379306451613
0 0.7078947370967742 0.5053050403225806 0.7219298241935485 0.5106100790322581 0.7578947370967742 0.5079575596774194 0.755263158064516 0.5026525193548387 0.7184210532258064 0.5 0.7078947370967742 0.5013262596774193 0.7078947370967742 0.5053050403225806
0 0.454385964516129 0.5132626 0.5201754387096774 0.5092838193548387 0.541228070967742 0.4907161806451613 0.46491228064516127 0.4814323612903226 0.40877192903225806 0.4814323612903226 0.3991228064516129 0.4880636596774193 0.41140350806451614 0.5026525193548387 0.454385964516129 0.5132626