0 0.725 0.1935483870967742 0.13548387096774195 0.10161290322580645
0 0.19524569677419357 0.6653444451612903 0.3219311419354839 0.6481472225806452 0.44489201935483874 0.6494722225806452 0.4016697967741935 0.6785722225806452 0.5641251951612902 0.7010583338709677 0.6796338032258065 0.7037027774193548 0.574558685483871 0.7235444451612904 0.6610031306451613 0.7314805548387097 0.5827558677419354 0.7394166661290322 0.6058575903225807 0.7632277774193548 0.9123630677419355 0.7361111112903226 0.9687010951612904 0.7194444451612904 0.9859154935483871 0.7277777774193548 0.9984350548387096 0.6944444451612903 0.9984350548387096 0.55 0.8857589983870967 0.5444444451612903 0.8033380274193548 0.5105833338709678 0.7467026596774193 0.5224861112903226 0.7563896709677419 0.5410055548387097 0.7422316112903226 0.5568777774193548 0.6088388112903226 0.5661388887096774 0.6013865419354838 0.5515861112903225 0.5410234741935483 0.5343916661290322 0.5581643193548387 0.5185194451612903 0.7019890451612903 0.5052916661290322 0.7452112677419355 0.48015833387096774 0.5194131451612903 0.5 0.4173192483870968 0.49735555483870963 0.39496244193548385 0.49206388870967743 0.2578435048387097 0.5 0.2064241 0.5132277774193548 0.21685602580645164 0.5290999999999999 0.19151956129032258 0.5317472225806451 0.27125665161290324 0.5423277774193549 0.3278935838709678 0.5634916661290322 0.32863849838709674 0.5793638887096774 0.2332519564516129 0.5820111112903226 0.1870485129032258 0.5965611112903225 0.09911267580645161 0.6071416661290323 0.06557902903225805 0.5846555548387097 0.034428795161290326 0.5944444451612904 0.07005007903225807 0.6111111112903226 0.11178247258064516 0.6296305548387097 0.0931518 0.6574083338709678 0.07079499193548387 0.6785722225806452 0.19524569677419357 0.6653444451612903
0 0.14866979677419356 0.7861111112903226 0.19405320806451612 0.825 0.2503912370967742 0.8333333338709676 0.34272300483870966 0.8277777774193548 0.37871674516129034 0.7972222225806452 0.3615023467741935 0.775 0.33176838870967745 0.7694444451612904 0.2863849758064516 0.7416666661290322 0.23474178387096775 0.7527777774193548 0.21596244193548386 0.7222222225806452 0.01251956129032258 0.7166666661290322 0.04225352096774193 0.7555555548387096 0.14866979677419356 0.7861111112903226
0 0.32632863870967743 0.9448416661290322 0.4030109548387097 0.9503972225806451 0.4186604064516129 0.9642861112903226 0.4499593112903226 0.9698416661290322 0.4734334903225807 0.9920638887096774 0.5062973403225807 0.9920638887096774 0.5016025032258065 0.9809527774193549 0.47969327096774195 0.9726194451612903 0.4703036 0.9531749999999999 0.4687386548387097 0.9226194451612902 0.42648513225806445 0.8726194451612903 0.367017214516129 0.8698416661290322 0.34667292580645165 0.8559527774193549 0.3169389677419355 0.8920638887096775 0.30285445967741936 0.8920638887096775 0.301289514516129 0.9142861112903226 0.32632863870967743 0.9448416661290322
0 0.730829420967742 0.8388888887096775 0.7589984354838709 0.8222222225806451 0.7574334903225807 0.8083333338709677 0.7746478870967742 0.7777777774193548 0.674491393548387 0.7833333338709678 0.6259780903225807 0.8 0.627543035483871 0.8166666661290323 0.730829420967742 0.8388888887096775
0 0.8169014080645162 0.43055555483870966 0.995305164516129 0.425 0.9984350548387096 0.3861111112903226 0.8325508612903226 0.3944444451612903 0.7934272306451613 0.4055555548387097 0.7918622854838709 0.41944444516129037 0.8169014080645162 0.43055555483870966
0 0.8685446016129033 0.2833333338709677 0.8779342725806452 0.27777777741935483 0.8857589983870967 0.2555555548387097 0.8528951483870968 0.23333333387096772 0.8122065725806452 0.23333333387096772 0.8278560258064517 0.2833333338709677 0.8685446016129033 0.2833333338709677
0 0.09702660483870967 0.4833333338709678 0.1830985919354839 0.47777777741935484 0.21752738709677422 0.4916666661290322 0.21909233225806451 0.5083333338709678 0.4162754306451613 0.4944444451612904 0.6713615016129032 0.4972222225806452 0.6964006258064517 0.5055555548387096 0.7433489822580646 0.4888888887096774 0.6901408451612903 0.41944444516129037 0.6604068854838709 0.4111111112903226 0.6353677629032258 0.4111111112903226 0.6165884193548388 0.4277777774193548 0.5430359935483872 0.4361111112903226 0.3912363064516129 0.4333333338709678 0.24882629032258063 0.44444444516129034 0.21752738709677422 0.4361111112903226 0.21752738709677422 0.4277777774193548 0.16118935806451615 0.43055555483870966 0.08763693225806451 0.4527777774193548 0.08137715161290322 0.45833333387096775 0.09702660483870967 0.4833333338709678
0 0.40688575967741936 0.3416666661290323 0.45852895161290325 0.35277777741935484 0.4773082935483871 0.3444444451612903 0.4694835677419355 0.3222222225806452 0.4037558677419355 0.30555555483870966 0.3771518 0.31666666612903227 0.40688575967741936 0.3416666661290323
0 0.37871674516129034 0.27222222258064516 0.4178403758064516 0.2638888887096774 0.41314554032258066 0.2472222225806452 0.40062597741935485 0.23888888870967742 0.37089201935483873 0.2472222225806452 0.37089201935483873 0.2638888887096774 0.37871674516129034 0.27222222258064516
0 0.40062597741935485 0.18333333387096776 0.47417840322580646 0.1888888887096774 0.45070422580645164 0.12777777741935484 0.4178403758064516 0.125 0.3771518 0.14444444516129032 0.3771518 0.1611111112903226 0.40062597741935485 0.18333333387096776
0 0.31298904516129034 0.23888888870967742 0.34272300483870966 0.23888888870967742 0.34898278548387096 0.22777777741935482 0.33959311451612906 0.2055555548387097 0.2660406887096774 0.19722222258064515 0.26917057903225805 0.225 0.31298904516129034 0.23888888870967742
0 0.12832550806451612 0.2555555548387097 0.15179968709677422 0.2694444451612903 0.20500782419354838 0.2694444451612903 0.20031298870967743 0.2527777774193548 0.17370892096774193 0.2472222225806452 0.1580594677419355 0.22222222258064517 0.16275430322580645 0.20833333387096772 0.15649452258064517 0.1888888887096774 0.1251956177419355 0.17777777741935485 0.12363067258064515 0.15 0.10172144032258064 0.15 0.09859155 0.15833333387096774 0.12832550806451612 0.2555555548387097
0 0 0.13611111129032258 0.17840375645161288 0.15 0.25352112741935484 0.14444444516129032 0.23630672903225808 0.13611111129032258 0.23161189354838713 0.12222222258064516 0.01721439677419355 0.11388888870967741 0 0.11388888870967741 0 0.13611111129032258