0 0.14274193548387096 0.18387096774193548 0.06532258064516129 0.016129032258064516
0 0.24895833387096772 0.9552083338709677 0.2510416661290323 0.9697916661290323 0.2625 0.9770833338709677 0.259375 0.9989583338709677 0.628125 0.9989583338709677 0.678125 0.9583333338709676 0.6822916661290322 0.94375 0.678125 0.9177083338709677 0.6635416661290322 0.9 0.6552083338709678 0.875 0.65625 0.8677083338709677 0.63125 0.8395833338709677 0.6229166661290322 0.8135416661290322 0.5947916661290322 0.8041666661290322 0.58125 0.7947916661290322 0.56875 0.796875 0.5541666661290322 0.7927083338709677 0.5322916661290322 0.79375 0.47083333387096776 0.815625 0.45104166612903224 0.8270833338709677 0.4375 0.8291666661290323 0.4291666661290322 0.84375 0.41979166612903224 0.840625 0.390625 0.8479166661290323 0.33229166612903227 0.86875 0.321875 0.8770833338709677 0.31666666612903227 0.875 0.30208333387096775 0.884375 0.29375 0.8989583338709677 0.265625 0.9135416661290323 0.259375 0.9239583338709677 0.24583333387096773 0.93125 0.24375 0.9510416661290323 0.24895833387096772 0.9552083338709677
0 0 0.6958333338709678 0.009375 0.6885416661290322 0.009375 0.68125 0.02083333387096774 0.665625 0.02604166612903226 0.6427083338709678 0.03958333387096774 0.628125 0.05833333387096774 0.6208333338709677 0.08645833387096774 0.6270833338709678 0.11145833387096775 0.6239583338709678 0.178125 0.596875 0.190625 0.58125 0.18958333387096774 0.5729166661290322 0.17708333387096775 0.5583333338709677 0.16145833387096775 0.553125 0.09479166612903227 0.559375 0.06458333387096774 0.5666666661290323 0.04895833387096774 0.575 0.030208333870967743 0.5927083338709678 0 0.60625 0 0.6958333338709678
0 0 0.490625 0.003125 0.4927083338709678 0.025 0.47916666612903225 0.04375 0.47395833387096775 0.08541666612903226 0.4645833338709678 0.121875 0.4614583338709678 0.18854166612903225 0.4458333338709678 0.21666666612903226 0.43125 0.24791666612903226 0.4229166661290322 0.25 0.4083333338709677 0.25520833387096775 0.4052083338709677 0.24375 0.39895833387096774 0.23333333387096772 0.40208333387096773 0.21666666612903226 0.3927083338709677 0.19270833387096775 0.38645833387096773 0.17604166612903224 0.3885416661290323 0.16354166612903226 0.38125 0.08854166612903226 0.3770833338709677 0.05625 0.36354166612903227 0.040625 0.35208333387096774 0.00625 0.35 0 0.35104166612903226 0 0.490625
0 0.384375 0.6385416661290322 0.3875 0.6479166661290322 0.415625 0.6729166661290322 0.43541666612903224 0.6760416661290323 0.453125 0.6885416661290322 0.49791666612903224 0.7020833338709678 0.5364583338709678 0.703125 0.5666666661290323 0.69375 0.6239583338709678 0.6604166661290323 0.6375 0.646875 0.64375 0.6302083338709678 0.6416666661290322 0.6145833338709678 0.6322916661290322 0.60625 0.6302083338709678 0.5947916661290322 0.60625 0.5791666661290322 0.5947916661290322 0.5635416661290322 0.5166666661290322 0.5583333338709677 0.4833333338709678 0.54375 0.39895833387096774 0.559375 0.3729166661290323 0.6104166661290322 0.375 0.6302083338709678 0.384375 0.6385416661290322
0 0.3302083338709677 0.5604166661290322 0.3458333338709677 0.5604166661290322 0.3770833338709677 0.55 0.396875 0.5197916661290323 0.36458333387096775 0.515625 0.3427083338709677 0.5197916661290323 0.33541666612903226 0.5270833338709677 0.325 0.5291666661290322 0.31875 0.55 0.3302083338709677 0.5604166661290322
0 0.153125 0.35416666612903225 0.178125 0.33645833387096774 0.22083333387096774 0.33125 0.2427083338709677 0.321875 0.246875 0.3135416661290323 0.23958333387096772 0.30625 0.2260416661290323 0.303125 0.2114583338709677 0.3104166661290323 0.19375 0.3125 0.15729166612903225 0.33333333387096775 0.14895833387096774 0.3416666661290323 0.153125 0.35416666612903225
0 0.08333333387096774 0.2510416661290323 0.08333333387096774 0.25520833387096775 0.103125 0.2677083338709677 0.14583333387096775 0.26875 0.20416666612903225 0.259375 0.225 0.25 0.22916666612903228 0.24375 0.22083333387096774 0.2375 0.196875 0.23541666612903228 0.12916666612903224 0.23958333387096772 0.103125 0.24895833387096772 0.08333333387096774 0.2510416661290323
0 0 0.228125 0.003125 0.22916666612903228 0.0375 0.21979166612903228 0.060416666129032265 0.18125 0.04375 0.178125 0.005208333870967741 0.18229166612903225 0 0.18333333387096776 0 0.228125
0 0.12083333387096774 0.16666666612903225 0.153125 0.153125 0.15625 0.14583333387096775 0.11875 0.14166666612903225 0.096875 0.14583333387096775 0.06770833387096774 0.15833333387096774 0.06770833387096774 0.16875 0.12083333387096774 0.16666666612903225
0 0.14270833387096774 0.12708333387096774 0.17395833387096774 0.12916666612903224 0.190625 0.125 0.2 0.11875 0.2 0.11458333387096775 0.19375 0.11041666612903225 0.17708333387096775 0.11041666612903225 0.146875 0.11770833387096775 0.14166666612903225 0.121875 0.14270833387096774 0.12708333387096774
0 0.26979166612903227 0.12916666612903224 0.34791666612903227 0.12708333387096774 0.38125 0.12083333387096774 0.384375 0.11458333387096775 0.3614583338709677 0.11041666612903225 0.30833333387096773 0.11145833387096775 0.265625 0.121875 0.2625 0.12604166612903225 0.26979166612903227 0.12916666612903224
0 0.3145833338709677 0.06354166612903227 0.346875 0.06666666612903226 0.4083333338709677 0.05833333387096774 0.42708333387096775 0.046875 0.4208333338709678 0.041666666129032255 0.4052083338709677 0.040625 0.334375 0.04375 0.3104166661290323 0.054166666129032266 0.309375 0.060416666129032265 0.3145833338709677 0.06354166612903227
0 0.44270833387096775 0.11041666612903225 0.503125 0.11041666612903225 0.53125 0.10208333387096774 0.5354166661290323 0.090625 0.5229166661290322 0.075 0.4802083338709678 0.075 0.4697916661290322 0.08020833387096774 0.4697916661290322 0.08854166612903226 0.45104166612903224 0.09166666612903226 0.43958333387096776 0.1 0.4364583338709678 0.10833333387096775 0.44270833387096775 0.11041666612903225
0 0.35 0.20208333387096775 0.36770833387096774 0.2270833338709677 0.38125 0.23229166612903226 0.41979166612903224 0.23229166612903226 0.4760416661290322 0.2125 0.47395833387096775 0.20520833387096774 0.4645833338709678 0.2 0.4291666661290322 0.19375 0.41979166612903224 0.184375 0.42395833387096776 0.17291666612903225 0.41875 0.16666666612903225 0.35416666612903225 0.16770833387096776 0.30208333387096775 0.18333333387096776 0.3 0.19270833387096775 0.35 0.20208333387096775
0 0.2677083338709677 0.32291666612903225 0.30520833387096774 0.334375 0.33125 0.334375 0.36875 0.325 0.40104166612903225 0.30416666612903226 0.4375 0.28854166612903226 0.44270833387096775 0.290625 0.46666666612903224 0.2822916661290323 0.525 0.271875 0.6 0.27083333387096775 0.621875 0.2666666661290323 0.6291666661290323 0.259375 0.6270833338709678 0.2520833338709677 0.6135416661290323 0.23958333387096772 0.553125 0.2260416661290323 0.5197916661290323 0.225 0.4697916661290322 0.23645833387096774 0.43541666612903224 0.25416666612903227 0.39375 0.2666666661290323 0.31770833387096775 0.27083333387096775 0.2947916661290323 0.2791666661290323 0.26041666612903225 0.30520833387096774 0.25833333387096774 0.315625 0.2677083338709677 0.32291666612903225
0 0.5177083338709678 0.3885416661290323 0.5604166661290322 0.40208333387096773 0.6020833338709678 0.40625 0.6625 0.4 0.7083333338709678 0.3760416661290323 0.715625 0.36875 0.715625 0.359375 0.7104166661290322 0.35 0.7 0.3427083338709677 0.6791666661290322 0.33645833387096774 0.6479166661290322 0.334375 0.5697916661290322 0.346875 0.5458333338709678 0.35520833387096773 0.5395833338709678 0.3625 0.525 0.36875 0.515625 0.37916666612903227 0.5177083338709678 0.3885416661290323
0 0.728125 0.3125 0.7854166661290323 0.315625 0.8135416661290322 0.30625 0.853125 0.28541666612903227 0.8447916661290323 0.28541666612903227 0.8375 0.2791666661290323 0.7614583338709677 0.28541666612903227 0.7208333338709678 0.296875 0.7197916661290322 0.30729166612903225 0.728125 0.3125
0 0.8270833338709677 0.22291666612903227 0.828125 0.23645833387096774 0.8322916661290323 0.23958333387096772 0.8729166661290323 0.23541666612903228 0.8802083338709676 0.23020833387096773 0.8864583338709677 0.215625 0.8864583338709677 0.196875 0.8645833338709676 0.1875 0.8291666661290323 0.19270833387096775 0.8197916661290322 0.19895833387096776 0.8177083338709678 0.20520833387096774 0.8270833338709677 0.22291666612903227
0 0.9364583338709677 0.259375 0.9989583338709677 0.259375 0.9989583338709677 0.225 0.9770833338709677 0.221875 0.9697916661290323 0.22916666612903228 0.940625 0.234375 0.9270833338709676 0.24479166612903228 0.9260416661290323 0.2520833338709677 0.9364583338709677 0.259375
0 0.921875 0.20625 0.9677083338709677 0.20208333387096775 0.9989583338709677 0.190625 0.9892322919354839 0.1749906258064516 0.9618531258064515 0.17975208387096775 0.9368541661290324 0.17618125 0.8856666661290323 0.18570416612903226 0.9072916661290323 0.20416666612903225 0.921875 0.20625
0 0.8375 0.09375 0.8583333338709677 0.09895833387096774 0.9322916661290324 0.10104166612903226 0.9989583338709677 0.09166666612903226 0.9989583338709677 0.075 0.99375 0.07083333387096774 0.9354166661290323 0.0625 0.9041666661290323 0.06770833387096774 0.896875 0.07395833387096774 0.8760416661290323 0.071875 0.834375 0.08333333387096774 0.8333333338709676 0.090625 0.8375 0.09375
0 0.865625 0.15416666612903226 0.9197916661290323 0.16354166612903226 0.9708333338709677 0.15729166612903225 0.9666666661290323 0.15208333387096776 0.9697916661290323 0.14166666612903225 0.8854166661290324 0.140625 0.8635416661290323 0.15 0.865625 0.15416666612903226
0 0.5177083338709678 0.19583333387096774 0.5989583338709678 0.190625 0.6260416661290322 0.20625 0.6572916661290322 0.2114583338709677 0.690625 0.2104166661290323 0.759375 0.19895833387096776 0.7760416661290322 0.18854166612903225 0.7625 0.175 0.7322916661290322 0.16666666612903225 0.6625 0.16979166612903226 0.609375 0.18333333387096776 0.6 0.18125 0.5822916661290323 0.16875 0.553125 0.165625 0.534375 0.16979166612903226 0.5145833338709678 0.184375 0.5135416661290322 0.19270833387096775 0.5177083338709678 0.19583333387096774
0 0.5458333338709678 0.1375 0.5625 0.140625 0.5979166661290323 0.13854166612903226 0.6322916661290322 0.12916666612903224 0.6572916661290322 0.13541666612903225 0.68125 0.13541666612903225 0.7 0.12708333387096774 0.7 0.12291666612903225 0.6927083338709678 0.11875 0.6645833338709678 0.11666666612903225 0.65625 0.11979166612903225 0.6416666661290322 0.11041666612903225 0.615625 0.10625 0.5739583338709677 0.109375 0.54375 0.12291666612903225 0.5427083338709677 0.134375 0.5458333338709678 0.1375
0 0.7083333338709678 0.090625 0.7677083338709678 0.09479166612903227 0.7822916661290322 0.08854166612903226 0.778125 0.07916666612903227 0.759375 0.06770833387096774 0.7083333338709678 0.07291666612903226 0.69375 0.07916666612903227 0.6927083338709678 0.08645833387096774 0.7083333338709678 0.090625