0 0.4846774193548387 0.275 0.049193548387096775 0.025806451612903226
0 0.7016491758064516 0.7161572048387097 0.7766116935483871 0.8253275112903226 0.8170914548387097 0.862445414516129 0.8725637177419355 0.895196506451613 0.9355322338709677 0.8930131000000001 0.9520239887096774 0.8733624451612904 0.99850075 0.8558951967741936 0.99850075 0.6310043661290323 0.968515741935484 0.5829694322580645 0.9220389806451613 0.528384279032258 0.8755622193548387 0.5065502177419354 0.79910045 0.5043668129032258 0.6911544225806452 0.5240174677419355 0.6461769112903226 0.5611353709677419 0.6401799096774193 0.5720524016129032 0.7016491758064516 0.7161572048387097
0 0.8830584709677419 0.3755458516129032 0.9655172419354838 0.4563318774193549 0.99850075 0.4781659387096774 0.99850075 0.2838427951612903 0.9415292354838709 0.3100436677419355 0.9040479758064516 0.31659388709677416 0.8785607193548386 0.334061135483871 0.8755622193548387 0.36026200806451614 0.8830584709677419 0.3755458516129032
0 0.7121439274193548 0.34497816612903226 0.740629685483871 0.36899563387096773 0.79910045 0.3711790387096774 0.8170914548387097 0.35152838387096774 0.8065967016129032 0.32751091774193547 0.7871064467741935 0.31659388709677416 0.7211394306451613 0.3056768564516129 0.6926536725806451 0.3122270741935484 0.6911544225806452 0.3187772919354839 0.7121439274193548 0.34497816612903226
0 0.29235382258064513 0.7663755451612903 0.3118440774193549 0.7860262016129033 0.35682158870967745 0.7641921403225806 0.38380809516129033 0.7663755451612903 0.3928035983870968 0.7794759822580645 0.4212893548387097 0.7860262016129033 0.46026986451612906 0.7598253274193548 0.47826086935483875 0.7620087338709678 0.5037481258064517 0.744541485483871 0.5307346322580645 0.7467248903225806 0.5517241387096774 0.7336244548387097 0.5742128935483871 0.7074235806451613 0.5922038983870969 0.6637554580645162 0.5937031483870968 0.5982532758064516 0.544227885483871 0.5633187774193548 0.518740629032258 0.5611353709677419 0.47076461774193545 0.5349344983870967 0.36731634193548385 0.5262008725806452 0.3268365822580645 0.5480349338709677 0.2998500741935484 0.5786026193548387 0.2758620693548387 0.6615720516129032 0.2728635677419355 0.7117903935483871 0.29235382258064513 0.7663755451612903
0 0.7466266870967742 0.9978165935483871 0.7211394306451613 0.923580785483871 0.6986506741935483 0.8930131000000001 0.6896551725806451 0.864628820967742 0.6746626693548388 0.8515283838709677 0.6581709145161291 0.8602620080645161 0.6491754129032259 0.890829693548387 0.6206896548387096 0.9213973806451613 0.5862068967741936 0.9781659387096775 0.5817091451612904 0.9978165935483871 0.7466266870967742 0.9978165935483871
0 0 0.9978165935483871 0.08995502258064517 0.9978165935483871 0.1004497758064516 0.9759825322580644 0.11994003064516129 0.8515283838709677 0.11844077903225807 0.757641920967742 0.10644677580645161 0.7598253274193548 0.08095952096774194 0.7860262016129033 0.03448275806451613 0.8733624451612904 0 0.9170305677419355 0 0.9978165935483871
0 0.011994003225806451 0.6004366806451613 0.04347826129032258 0.5938864629032258 0.07196401774193549 0.6222707419354839 0.13643178387096774 0.5676855903225806 0.16191904032258064 0.5109170306451613 0.1289355322580645 0.4737991274193548 0.10944527741935484 0.47161572096774196 0.04647676129032258 0.5043668129032258 0.0029985 0.5545851532258065 0 0.5873362451612903 0.011994003225806451 0.6004366806451613
0 0.14242878548387097 0.4017467241935484 0.1739130435483871 0.37991266451612904 0.17841079516129033 0.3668122274193549 0.15292353870967743 0.3668122274193549 0.11994003064516129 0.3908296935483871 0.1244377806451613 0.40393013064516126 0.14242878548387097 0.4017467241935484
0 0.011994003225806451 0.37991266451612904 0.05397301290322581 0.3668122274193549 0.07196401774193549 0.3471615725806452 0.040479759677419354 0.34497816612903226 0.0029985 0.36026200806451614 0 0.37991266451612904 0.011994003225806451 0.37991266451612904
0 0.18890554677419355 0.2183406112903226 0.2218890548387097 0.2008733629032258 0.14242878548387097 0.19650655 0.10944527741935484 0.2205240177419355 0.13343328387096773 0.22707423548387096 0.18890554677419355 0.2183406112903226
0 0.16641679193548387 0.24454148548387097 0.2068965516129032 0.22489082903225804 0.16641679193548387 0.22270742419354836 0.1469265370967742 0.23362445483870967 0.14392803548387098 0.24454148548387097 0.16641679193548387 0.24454148548387097
0 0.23988005967741938 0.36026200806451614 0.2758620693548387 0.35589519677419357 0.28335832096774194 0.34279475967741935 0.2788605693548387 0.32751091774193547 0.23838080967741934 0.3384279483870968 0.2323838080645161 0.35371179032258065 0.23988005967741938 0.36026200806451614
0 0.26686656612903226 0.3056768564516129 0.29835082419354836 0.2903930129032258 0.30884557741935487 0.27510917096774196 0.3043478258064516 0.26419214032258065 0.28335832096774194 0.26200873387096774 0.23988005967741938 0.2925764193548387 0.23838080967741934 0.3013100435483871 0.26686656612903226 0.3056768564516129
0 0.33883058548387096 0.34497816612903226 0.3688155919354839 0.34934497741935483 0.38380809516129033 0.34279475967741935 0.39130434838709677 0.3296943225806452 0.3928035983870968 0.31659388709677416 0.38530734677419354 0.30349345 0.35832084032258066 0.3100436677419355 0.33733133387096775 0.334061135483871 0.33883058548387096 0.34497816612903226
0 0.44677661129032264 0.4192139741935484 0.47826086935483875 0.4170305677419354 0.49775112419354844 0.40393013064516126 0.49325337258064517 0.3908296935483871 0.4812593709677419 0.3864628822580645 0.44677661129032264 0.3908296935483871 0.4347826080645162 0.4017467241935484 0.4347826080645162 0.4126637548387097 0.44677661129032264 0.4192139741935484
0 0.5022488758064516 0.34497816612903226 0.5337331338709677 0.32751091774193547 0.5337331338709677 0.3209606983870968 0.4902548725806451 0.31659388709677416 0.4677661177419355 0.3296943225806452 0.4722638677419355 0.34279475967741935 0.5022488758064516 0.34497816612903226
0 0.5472263870967742 0.423580785483871 0.5847076467741935 0.42139738064516125 0.6056971516129033 0.40393013064516126 0.5952023983870968 0.3842794758064516 0.5667166419354839 0.37991266451612904 0.544227885483871 0.3864628822580645 0.5367316338709678 0.3995633193548387 0.5367316338709678 0.41484716129032256 0.5472263870967742 0.423580785483871
0 0.5622188903225807 0.2903930129032258 0.5892053967741936 0.2903930129032258 0.7376311838709678 0.24235807903225806 0.7496251870967742 0.23580785967741935 0.7646176919354839 0.20742358064516128 0.740629685483871 0.2030567693548387 0.7166416790322581 0.2117903935483871 0.5937031483870968 0.2205240177419355 0.5682158919354839 0.22925764193548387 0.5577211387096774 0.24454148548387097 0.5502248870967742 0.2816593887096774 0.5622188903225807 0.2903930129032258
0 0.8005996999999999 0.2772925758064516 0.8215892048387097 0.27074235806451613 0.8140929532258064 0.2576419209677419 0.7931034483870968 0.2598253274193548 0.7901049467741935 0.2685589516129032 0.8005996999999999 0.2772925758064516
0 0.8110944532258064 0.3100436677419355 0.8380809596774194 0.3056768564516129 0.8275862064516128 0.2925764193548387 0.8095952016129032 0.2947598258064516 0.8065967016129032 0.3056768564516129 0.8110944532258064 0.3100436677419355
0 0.8710644677419355 0.27947598225806447 0.9085457274193549 0.27510917096774196 0.9070464774193548 0.26419214032258065 0.8920539725806451 0.25327510967741934 0.8545727129032259 0.26200873387096774 0.8515742129032258 0.2663755451612903 0.8710644677419355 0.27947598225806447
0 0.9085457274193549 0.24454148548387097 0.9355322338709677 0.24235807903225806 0.9250374806451612 0.22925764193548387 0.8830584709677419 0.2183406112903226 0.8695652177419355 0.22270742419354836 0.8710644677419355 0.23362445483870967 0.9085457274193549 0.24454148548387097
0 0.8260869564516129 0.24235807903225806 0.8485757129032258 0.23580785967741935 0.8425787112903227 0.22489082903225804 0.8185907048387097 0.22925764193548387 0.8170914548387097 0.23799126612903226 0.8260869564516129 0.24235807903225806
0 0.8245877064516128 0.1943231435483871 0.8290854580645162 0.20742358064516128 0.8770614693548386 0.2183406112903226 0.8995502241935484 0.2139737983870968 0.9010494758064516 0.19213973870967743 0.890554722580645 0.16157205161290322 0.80209895 0.16593886451612905 0.79910045 0.17467248870967741 0.8245877064516128 0.1943231435483871
0 0.7526236887096774 0.18995633225806452 0.7496251870967742 0.17903930161290324 0.7316341822580645 0.16593886451612905 0.6971514241935484 0.17030567741935482 0.7241379306451613 0.1943231435483871 0.7526236887096774 0.18995633225806452
0 0.6521739129032258 0.17030567741935482 0.682158920967742 0.16157205161290322 0.6881559225806452 0.15065502258064517 0.6356821596774194 0.15065502258064517 0.5877061467741935 0.16375545806451614 0.6146926532258065 0.1724890822580645 0.6521739129032258 0.17030567741935482
0 0.484257870967742 0.18995633225806452 0.5052473758064516 0.19868995645161291 0.5592203903225806 0.2008733629032258 0.5907046483870967 0.1855895193548387 0.5397301354838709 0.16375545806451614 0.4812593709677419 0.16812227096774193 0.4767616193548387 0.17903930161290324 0.484257870967742 0.18995633225806452
0 0.5667166419354839 0.12882096129032258 0.5832083951612903 0.11353711774193548 0.5367316338709678 0.11572052419354838 0.5367316338709678 0.12663755483870967 0.5667166419354839 0.12882096129032258
0 0.7361319338709678 0.13318777258064515 0.7436281854838709 0.09825327580645161 0.7151424290322581 0.08515283870967741 0.59970015 0.12663755483870967 0.6011994 0.13537117903225807 0.7361319338709678 0.13318777258064515
0 0.5622188903225807 0.11135371129032257 0.5922038983870969 0.1026200870967742 0.5592203903225806 0.0938864629032258 0.5382308838709677 0.09825327580645161 0.5382308838709677 0.10698690000000001 0.5622188903225807 0.11135371129032257
0 0 0.3206877725806451 0.04497751129032258 0.3056768564516129 0.08620689677419355 0.2688318774193548 0.041229385483870964 0.2688318774193548 0 0.29339519677419357 0 0.3206877725806451
0 0.38830584677419355 0.255458514516129 0.4212893548387097 0.2663755451612903 0.4647676161290322 0.26419214032258065 0.4677661177419355 0.24017467258064518 0.4752623693548387 0.23362445483870967 0.44677661129032264 0.2183406112903226 0.3988006 0.22270742419354836 0.38830584677419355 0.23799126612903226 0.38830584677419355 0.255458514516129