0 0.5774193548387097 0.6435483870967742 0.11048387096774194 0.0532258064516129
0 0.4314516129032258 0.6153225806451613 0.09274193548387097 0.04032258064516129
0 0.5443548387096774 0.5717741935483871 0.0846774193548387 0.03387096774193549
0 0.5443548387096774 0.3395161290322581 0.07258064516129033 0.012096774193548387
0 0.6080645161290322 0.3419354838709677 0.04032258064516129 0.010483870967741936
0 0.5838709677419355 0.3225806451612903 0.04516129032258064 0.007258064516129033
0 0.6153225806451613 0.31048387096774194 0.05 0.01129032258064516
0 0.5024193548387097 0.32741935483870965 0.06693548387096775 0.008064516129032258
0 0.49274193548387096 0.31209677419354837 0.062096774193548386 0.007258064516129033
0 0.5935483870967742 0.27419354838709675 0.07741935483870968 0.017741935483870968
0 0.7653225806451613 0.29596774193548386 0.075 0.03387096774193549
0 0.6103515629032259 0.8802083338709676 0.6347656258064516 0.89453125 0.6865234370967741 0.8984375 0.7138671870967741 0.8841145838709676 0.7167968741935484 0.8763020838709676 0.7177734370967741 0.8294270838709676 0.7001953129032259 0.8020833338709678 0.6884765629032259 0.7981770838709678 0.6425781258064516 0.80078125 0.6181640629032259 0.8203125 0.59375 0.828125 0.5986328129032259 0.8528645838709676 0.6103515629032259 0.8802083338709676
0 0.90234375 0.4453125 0.9111328129032258 0.47916666612903225 0.9345703129032258 0.50390625 0.9619140629032258 0.5221354161290322 0.9785156258064517 0.5598958338709678 0.9990234370967742 0.57421875 0.9990234370967742 0.43098958387096775 0.9228515629032258 0.40364583387096775 0.8994140629032258 0.40234375 0.8896484370967742 0.40755208387096775 0.8818359370967742 0.41927083387096775 0.90234375 0.4453125
0 0.8046875 0.35286458387096775 0.8330078129032258 0.37239583387096775 0.8681640629032258 0.37109375 0.8857421870967742 0.34895833387096775 0.8828125 0.34114583387096775 0.8574218741935483 0.32552083387096775 0.8183593741935484 0.31770833387096775 0.7890625 0.32161458387096775 0.7871093741935484 0.32942708387096775 0.8046875 0.35286458387096775
0 0.5791015629032259 0.5013020838709678 0.6376953129032259 0.5052083338709678 0.6748046870967741 0.5 0.6923828129032259 0.4921875 0.6972656258064516 0.48046875 0.6728515629032259 0.46744791612903225 0.6220703129032259 0.46484375 0.5791015629032259 0.47005208387096775 0.546875 0.48567708387096775 0.5478515629032259 0.49088541612903225 0.5791015629032259 0.5013020838709678
0 0.6884765629032259 0.5286458338709678 0.7060546870967741 0.5338541661290322 0.75390625 0.5338541661290322 0.765625 0.5299479161290322 0.7714843741935484 0.5221354161290322 0.7626953129032259 0.5104166661290322 0.7353515629032259 0.50390625 0.703125 0.5065104161290322 0.68359375 0.5143229161290322 0.6806640629032259 0.51953125 0.6884765629032259 0.5286458338709678
0 0.3222656258064516 0.75 0.3496093741935484 0.7630208338709678 0.3876953129032258 0.7682291661290322 0.4160156258064516 0.7591145838709678 0.4453125 0.7591145838709678 0.5019531258064516 0.7473958338709678 0.53125 0.7239583338709678 0.5107421870967741 0.6875 0.47558593709677416 0.6770833338709678 0.43457031290322584 0.6796875 0.3681640629032258 0.6927083338709678 0.3378906258064516 0.7018229161290322 0.32421875 0.7135416661290322 0.3193359370967742 0.7200520838709678 0.3222656258064516 0.75
0 0 0.6966145838709678 0.037109374193548386 0.69921875 0.0703125 0.6927083338709678 0.1435546870967742 0.6549479161290322 0.1533203129032258 0.6328125 0.13671875 0.6236979161290322 0.1025390629032258 0.62109375 0.05175781290322581 0.6302083338709678 0.010742187096774193 0.6458333338709678 0 0.65234375 0 0.6966145838709678
0 0.0986328129032258 0.6002604161290322 0.1259765629032258 0.6002604161290322 0.1572265629032258 0.5924479161290322 0.1806640629032258 0.5794270838709678 0.1777343741935484 0.5625 0.2177734370967742 0.5455729161290322 0.2294921870967742 0.53125 0.21875 0.5234375 0.1533203129032258 0.53125 0.1308593741935484 0.546875 0.1308593741935484 0.5677083338709678 0.1025390629032258 0.5768229161290322 0.08984375 0.5885416661290322 0.0888671870967742 0.59375 0.0986328129032258 0.6002604161290322
0 0.2236328129032258 0.48177083387096775 0.24609375 0.48046875 0.2734375 0.47395833387096775 0.28125 0.46614583387096775 0.2509765629032258 0.46484375 0.2138671870967742 0.47395833387096775 0.2128906258064516 0.47786458387096775 0.2236328129032258 0.48177083387096775
0 0.30078125 0.45052083387096775 0.3271484370967742 0.44401041612903225 0.33984375 0.43880208387096775 0.33984375 0.43489583387096775 0.3193359370967742 0.43229166612903225 0.2802734370967742 0.44401041612903225 0.28515625 0.45052083387096775 0.30078125 0.45052083387096775
0 0.2167968741935484 0.41536458387096775 0.2753906258064516 0.41276041612903225 0.31640625 0.40625 0.3222656258064516 0.39973958387096775 0.2607421870967742 0.3984375 0.2138671870967742 0.40885416612903225 0.2119140629032258 0.41145833387096775 0.2167968741935484 0.41536458387096775
0 0.3642578129032258 0.5169270838709678 0.42089843709677416 0.5221354161290322 0.45605468709677416 0.5130208338709678 0.45996093709677416 0.5013020838709678 0.4394531258064516 0.49609375 0.4111328129032258 0.49739583387096775 0.3623046870967742 0.51171875 0.3603515629032258 0.5143229161290322 0.3642578129032258 0.5169270838709678
0 0.49121093709677416 0.44401041612903225 0.51953125 0.44661458387096775 0.55078125 0.44140625 0.5556640629032259 0.43489583387096775 0.5234375 0.43229166612903225 0.4902343741935484 0.4375 0.48828125 0.44270833387096775 0.49121093709677416 0.44401041612903225
0 0.3300781258064516 0.38020833387096775 0.3583984370967742 0.38411458387096775 0.3916015629032258 0.36979166612903225 0.4121093741935484 0.36848958387096775 0.4433593741935484 0.35807291612903225 0.4550781258064516 0.34114583387096775 0.45410156290322584 0.33723958387096775 0.4746093741935484 0.32161458387096775 0.3994140629032258 0.328125 0.3896484370967742 0.34505208387096775 0.3544921870967742 0.34895833387096775 0.3408203129032258 0.35677083387096775 0.3417968741935484 0.37630208387096775 0.3300781258064516 0.38020833387096775
0 0.49121093709677416 0.3984375 0.5146484370967741 0.3984375 0.5449218741935484 0.39192708387096775 0.5458984370967741 0.38802083387096775 0.5126953129032259 0.38671875 0.4902343741935484 0.39192708387096775 0.48828125 0.39583333387096775 0.49121093709677416 0.3984375