0 0.3015625 0.6722222225806452 0.31171875 0.6763888887096774 0.45 0.6722222225806452 0.4578125 0.6625 0.46171875 0.6416666661290322 0.459375 0.6347222225806451 0.4421875 0.625 0.40390625 0.6097222225806452 0.39765625 0.6166666661290322 0.3921875 0.6166666661290322 0.3890625 0.6097222225806452 0.34609375 0.6152777774193549 0.31015625 0.6125 0.27890625 0.6263888887096775 0.28203125 0.6444444451612904 0.3015625 0.6722222225806452
0 0.80078125 0.2430555548387097 0.87265625 0.2486111112903226 0.8796875 0.24444444516129032 0.8828125 0.23611111129032258 0.87890625 0.2138888887096774 0.86953125 0.20833333387096772 0.8625 0.1888888887096774 0.8375 0.17638888870967742 0.7828125 0.19166666612903224 0.76640625 0.2111111112903226 0.7671875 0.2263888887096774 0.80078125 0.2430555548387097
0 0.17890625 0.7583333338709678 0.19140625 0.7625 0.2203125 0.7555555548387096 0.23382968709677418 0.7718694451612903 0.2546875 0.7708944451612904 0.27609453064516126 0.7747972225806452 0.2991484370967742 0.7640625 0.3140625 0.7541666661290323 0.33671875 0.7430555548387097 0.3625 0.7444444451612904 0.37265625 0.7361111112903226 0.36484375 0.7180555548387096 0.34921875 0.7097222225806452 0.3296875 0.7111111112903226 0.31875 0.7041666661290322 0.25859375 0.7083333338709678 0.25 0.7166666661290322 0.2125 0.7236111112903226 0.196875 0.725 0.18515625 0.7166666661290322 0.18359375 0.725 0.178125 0.7277777774193548 0.17578125 0.7402777774193549 0.17890625 0.7583333338709678
0 0.34140625 0.8430555548387096 0.38515625 0.8625 0.38359375 0.8736111112903225 0.37421875 0.8833333338709677 0.375 0.8958333338709676 0.38203125 0.9041666661290323 0.40390625 0.9097222225806452 0.43125 0.9027777774193548 0.42578125 0.8902777774193548 0.41875 0.8847222225806451 0.421875 0.8597222225806452 0.43515625 0.8458333338709677 0.4296875 0.8347222225806452 0.4171875 0.825 0.3703125 0.8138888887096775 0.3578125 0.8166666661290323 0.3421875 0.8291666661290323 0.33984375 0.8333333338709676 0.34140625 0.8430555548387096
0 0.465625 0.6708333338709678 0.5078125 0.6847222225806452 0.528125 0.7041666661290322 0.5796875 0.7319444451612903 0.6103718741935484 0.7406430548387096 0.634375 0.7319444451612903 0.65390625 0.7263888887096774 0.66015625 0.7166666661290322 0.66640625 0.7180555548387096 0.7203125 0.6916666661290323 0.72421875 0.6736111112903226 0.6734375 0.6513888887096774 0.6140625 0.65 0.6109375 0.6541666661290322 0.5984375 0.6347222225806451 0.5640625 0.6125 0.54765625 0.6125 0.5453125 0.6194444451612904 0.5375 0.6208333338709677 0.50078125 0.6166666661290322 0.46640625 0.6347222225806451 0.46015625 0.6527777774193548 0.459375 0.6611111112903226 0.465625 0.6708333338709678
0 0.52265625 0.8458333338709677 0.56796875 0.8638888887096775 0.60390625 0.8666666661290323 0.62265625 0.8583333338709677 0.625 0.8458333338709677 0.62265625 0.8375 0.60546875 0.8236111112903226 0.55859375 0.8097222225806452 0.52890625 0.8138888887096775 0.52890625 0.8208333338709678 0.51328125 0.8291666661290323 0.5125 0.8375 0.52265625 0.8458333338709677
0 0.7140625 0.8652777774193549 0.7375 0.8763888887096775 0.7984375 0.8722222225806452 0.81015625 0.8680555548387097 0.8140625 0.8611111112903225 0.81328125 0.8513888887096775 0.8203125 0.8305555548387097 0.81328125 0.8125 0.79296875 0.8083333338709677 0.73515625 0.8222222225806451 0.7109375 0.8458333338709677 0.71015625 0.8597222225806452 0.7140625 0.8652777774193549
0 0.85625 0.7180555548387096 0.84921875 0.7277777774193548 0.86015625 0.7472222225806452 0.88515625 0.7555555548387096 0.90625 0.7527777774193548 0.9078125 0.7472222225806452 0.91171875 0.75 0.91796875 0.7444444451612904 0.92265625 0.7513888887096775 0.93671875 0.7472222225806452 0.94453125 0.7513888887096775 0.96171875 0.7361111112903226 0.97265625 0.7361111112903226 0.97421875 0.7277777774193548 0.98671875 0.7291666661290322 0.99921875 0.7208333338709678 0.99921875 0.6875 0.990625 0.6805555548387097 0.9140625 0.6777777774193549 0.88828125 0.6847222225806452 0.88515625 0.7083333338709678 0.85625 0.7180555548387096
0 0.76640625 0.6138888887096774 0.8296875 0.5944444451612904 0.8328125 0.5708333338709678 0.85625 0.5291666661290322 0.8578125 0.5166666661290322 0.86171875 0.5125 0.8640625 0.4888888887096774 0.8609375 0.4833333338709678 0.8359375 0.48194444516129037 0.834375 0.4902777774193548 0.81953125 0.4888888887096774 0.81796875 0.4958333338709678 0.81015625 0.4916666661290322 0.803125 0.5013888887096775 0.80703125 0.5152777774193548 0.803125 0.5222222225806452 0.7984375 0.5208333338709678 0.79453125 0.5277777774193548 0.784375 0.5319444451612904 0.775 0.5444444451612903 0.7734375 0.5541666661290322 0.74140625 0.5833333338709678 0.73984375 0.5944444451612904 0.76640625 0.6138888887096774
0 0.5234375 0.4527777774193548 0.52890625 0.46527777741935483 0.53359375 0.4541666661290322 0.57109375 0.4736111112903226 0.59296875 0.4625 0.59375 0.46666666612903224 0.61484375 0.4486111112903226 0.6265625 0.4458333338709678 0.6296875 0.43055555483870966 0.6265625 0.425 0.621875 0.4263888887096774 0.61953125 0.41944444516129037 0.60625 0.4208333338709678 0.5796875 0.4083333338709677 0.571875 0.41666666612903225 0.55703125 0.4208333338709678 0.53828125 0.4208333338709678 0.52890625 0.40972222258064517 0.52265625 0.4111111112903226 0.51328125 0.4291666661290322 0.5125 0.4416666661290322 0.5234375 0.4527777774193548
0 0.38203125 0.4513888887096774 0.4296875 0.45972222258064516 0.4859375 0.45 0.49453125 0.4361111112903226 0.4875 0.4222222225806452 0.48203125 0.41944444516129037 0.440625 0.4125 0.40078125 0.4138888887096774 0.384375 0.4222222225806452 0.38046875 0.4319444451612904 0.378125 0.4472222225806452 0.38203125 0.4513888887096774
0 0.21328125 0.4319444451612904 0.2234375 0.4638888887096774 0.23984375 0.47083333387096776 0.2640625 0.47083333387096776 0.2734375 0.46805555483870964 0.27890625 0.45694444516129035 0.275 0.4347222225806452 0.26953125 0.4333333338709678 0.26015625 0.41527777741935484 0.2359375 0.4041666661290323 0.2203125 0.4111111112903226 0.21328125 0.4236111112903226 0.21328125 0.4319444451612904
0 0 0.14444444516129032 0.06640625 0.1430555548387097 0.07578125 0.1375 0.08203125 0.11944444516129031 0.103125 0.10972222258064515 0.09453125 0.09722222258064515 0.06484375 0.08333333387096774 0.05390625 0.08611111129032258 0.0421875 0.10416666612903225 0.028125 0.10833333387096775 0.021875 0.12083333387096774 0 0.13472222258064515 0 0.14444444516129032
0 0.15859375 0.14027777741935485 0.21328125 0.13888888870967742 0.221875 0.13055555483870968 0.2265625 0.1125 0.24296875 0.11111111129032258 0.2546875 0.10277777741935484 0.225 0.07916666612903227 0.21171875 0.07916666612903227 0.1953125 0.09861111129032257 0.18125 0.10555555483870968 0.1578125 0.12916666612903224 0.15625 0.1375 0.15859375 0.14027777741935485
0 0.43125 0 0.43125 0.005555554838709677 0.43671875 0.01111111129032258 0.43515625 0.01805555483870968 0.44765625 0.01527777741935484 0.4609375 0.02638888870967742 0.4796875 0.02638888870967742 0.525 0.01527777741935484 0.55078125 0 0.43125 0
0 0.525 0.2861111112903226 0.5640625 0.2930555548387097 0.6125 0.29027777741935484 0.66015625 0.2819444451612903 0.66796875 0.2666666661290323 0.65078125 0.2527777774193548 0.61875 0.2472222225806452 0.5984375 0.25416666612903227 0.590625 0.2430555548387097 0.5671875 0.2513888887096774 0.5515625 0.2666666661290323 0.53984375 0.27222222258064516 0.5328125 0.2680555548387097 0.52890625 0.27777777741935483 0.5203125 0.275 0.5171875 0.2791666661290323 0.51640625 0.2833333338709677 0.525 0.2861111112903226
0 0.484375 0.2958333338709677 0.50859375 0.29027777741935484 0.50234375 0.27083333387096775 0.49765625 0.2680555548387097 0.478125 0.2625 0.46953125 0.27083333387096775 0.46796875 0.2861111112903226 0.484375 0.2958333338709677
0 0.61875 0.06388888870967742 0.6515625 0.059722222580645155 0.69375 0.06666666612903226 0.75 0.059722222580645155 0.74921875 0.04861111129032258 0.72421875 0.02638888870967742 0.696875 0.02083333387096774 0.64453125 0.03333333387096774 0.615625 0.05277777741935484 0.6140625 0.056944445161290325 0.61875 0.06388888870967742
0 0.715625 0.12916666612903224 0.73515625 0.14027777741935485 0.7640625 0.14027777741935485 0.796875 0.1319444451612903 0.81015625 0.11944444516129031 0.80390625 0.10972222258064515 0.790625 0.10694444516129031 0.7765625 0.1125 0.73203125 0.1125 0.71875 0.11805555483870968 0.7125 0.12222222258064516 0.715625 0.12916666612903224
0 0.78515625 0.10694444516129031 0.81328125 0.10972222258064515 0.82734375 0.12222222258064516 0.85390625 0.1319444451612903 0.9203125 0.1263888887096774 0.925 0.11527777741935484 0.921875 0.10416666612903225 0.896875 0.08611111129032258 0.865625 0.07638888870967742 0.809375 0.08055555483870967 0.78671875 0.09444444516129033 0.7828125 0.09861111129032257 0.78515625 0.10694444516129031
0 0.8625 0.07361111129032258 0.88828125 0.07916666612903227 0.92890625 0.06805555483870968 0.9609375 0.06805555483870968 0.97109375 0.059722222580645155 0.9671875 0.05 0.93515625 0.038888888709677424 0.88046875 0.04583333387096774 0.8578125 0.059722222580645155 0.85546875 0.06805555483870968 0.8625 0.07361111129032258
0 0.94296875 0 0.9390625 0.005555554838709677 0.93984375 0.01527777741935484 0.95390625 0.02083333387096774 0.9875 0.02222222258064516 0.99296875 0.01111111129032258 0.99921875 0.008333333870967742 0.99921875 0 0.94296875 0
0 0.78671875 0.03055555483870968 0.84453125 0.02222222258064516 0.8421875 0.0125 0.8359375 0.006944445161290323 0.8 0.009722222580645161 0.78046875 0.02083333387096774 0.77890625 0.027777777419354836 0.78671875 0.03055555483870968
0 0.69296875 0 0.69140625 0.009722222580645161 0.7 0.01805555483870968 0.71796875 0.01805555483870968 0.73828125 0.005555554838709677 0.73828125 0 0.69296875 0