0 0.029838709677419355 0.05725806451612903 0.05887096774193548 0.020161290322580645
0 0.1282258064516129 0.04435483870967742 0.05403225806451613 0.01129032258064516
0 0.20403225806451614 0.05725806451612903 0.05161290322580645 0.012096774193548387
0 0.10806451612903226 0.03387096774193549 0.05967741935483871 0.013709677419354839
0 0.11693548387096774 0.02258064516129032 0.027419354838709678 0.010483870967741936
0 0.02338709677419355 0.021774193548387097 0.0467741935483871 0.00967741935483871
0 0.05806451612903226 0.014516129032258065 0.08870967741935484 0.012096774193548387
0 0.024193548387096774 0.004032258064516129 0.04838709677419355 0.008064516129032258
0 0.4064516129032258 0.016935483870967744 0.054838709677419356 0.010483870967741936
0 0.3620967741935484 0.00564516129032258 0.049193548387096775 0.00564516129032258
0 0.32016129032258067 0.01129032258064516 0.03790322580645161 0.00564516129032258
0 0.7903415790322581 0.5073586370967742 0.8551236741935484 0.5305964370967742 0.8916372209677419 0.5360185903225806 0.9234393403225806 0.5375677774193548 0.959952885483871 0.5321456241935484 0.9846878677419355 0.5251742838709677 0.998822143548387 0.5151045693548387 0.998822143548387 0.48799380322580643 0.9623085983870968 0.47947327580645166 0.9363957596774194 0.4694035629032258 0.9175500596774193 0.47095275 0.8928150758064516 0.46707978387096777 0.7938751467741936 0.4694035629032258 0.7820965838709677 0.47560030967741934 0.7726737338709677 0.48799380322580643 0.7738515903225807 0.4972889225806452 0.7903415790322581 0.5073586370967742
0 0.9257950532258065 0.309837335483871 0.998822143548387 0.3183578629032258 0.998822143548387 0.288923314516129 0.970553591935484 0.28582494193548386 0.919905770967742 0.29202168870967743 0.9175500596774193 0.29899302903225805 0.9257950532258065 0.309837335483871
0 0.7773851596774193 0.2842757548387097 0.7879858661290323 0.2904725016129032 0.8244994112903226 0.2958946548387097 0.8610129564516129 0.29279628225806453 0.8633686693548388 0.2904725016129032 0.8657243822580645 0.2819519758064516 0.8480565370967743 0.27498063548387097 0.8362779741935484 0.26491092096774194 0.7985865725806451 0.25948876774193547 0.7891637225806452 0.263361735483871 0.7868080096774194 0.2711076677419355 0.7820965838709677 0.2703330758064516 0.7844522967741936 0.27420604193548387 0.7773851596774193 0.2842757548387097
0 0.3380447580645161 0.30596436935483873 0.3592461725806452 0.3222308290322581 0.4334511193548387 0.33230054193548386 0.5806831564516128 0.33230054193548386 0.6489988225806452 0.32532920161290324 0.6454652532258065 0.31603408225806456 0.5724381629032258 0.3028659951612903 0.511189635483871 0.3013168080645161 0.4275618370967742 0.2943454693548387 0.36395759677419354 0.2951200612903226 0.3380447580645161 0.2896979080645161 0.32626619516129035 0.298218435483871 0.3250883387096774 0.3067389612903226 0.3380447580645161 0.30596436935483873
0 0.2979976435483871 0.3973663822580645 0.34275618387096773 0.3973663822580645 0.36395759677419354 0.3934934161290322 0.36866902258064516 0.3888458564516129 0.3651354532258065 0.3764523629032258 0.34982332096774194 0.3671572419354839 0.3309776209677419 0.3632842758064516 0.2850412241935484 0.36483346290322577 0.2685512370967742 0.3749031758064516 0.24381625483870967 0.37800154838709676 0.24734982258064514 0.3849728887096774 0.2979976435483871 0.3973663822580645
0 0.08244994032258064 0.2687838887096774 0.11778563064516129 0.27265685483870966 0.1283863370967742 0.27885360161290323 0.1542991758064516 0.2835011612903226 0.20730270967741937 0.28659953548387096 0.2803298 0.2819519758064516 0.3109540629032258 0.2757552290322581 0.34864546451612904 0.25948876774193547 0.34982332096774194 0.2509682419354839 0.31802120161290326 0.24012393548387095 0.2885747935483871 0.24012393548387095 0.2744405177419355 0.23237800161290323 0.1849234387096774 0.23082881451612905 0.1354534741935484 0.23315259516129033 0.11071849193548387 0.23780015483870967 0.06831566612903225 0.25484120806451616 0.06360424032258065 0.2610379548387097 0.08244994032258064 0.2687838887096774
0 0 0.3501161887096774 0.07538280322580646 0.3539891564516129 0.09540635967741935 0.3485670016129032 0.09187279193548388 0.34237025483870964 0.09422850483870968 0.3292021693548387 0.030624264516129034 0.3276529822580645 0.011778562903225806 0.3307513548387097 0 0.3346243225806452 0 0.3501161887096774
0 0.5170789161290322 0.24089852903225809 0.5795053 0.2486444612903226 0.6407538274193548 0.24786986774193548 0.6537102467741935 0.24399690161290322 0.6525323903225807 0.23934934193548388 0.6584216725806451 0.2370255612903226 0.620730270967742 0.21611154193548388 0.5995288580645162 0.2106893887096774 0.5806831564516128 0.21146398064516128 0.5724381629032258 0.21611154193548388 0.5559481741935484 0.21533694838709677 0.5606596 0.21998450806451614 0.5571260306451613 0.22540666129032258 0.5288574790322581 0.22540666129032258 0.5253239096774194 0.2230828822580645 0.5182567725806452 0.22618125483870968 0.5017667838709677 0.2230828822580645 0.4982332161290322 0.2269558483870968 0.48763250806451613 0.22618125483870968 0.4888103645161291 0.23160340806451613 0.5170789161290322 0.24089852903225809
0 0.7078916370967742 0.18435321451612902 0.7255594822580645 0.18125484193548386 0.7444051822580645 0.18357862096774194 0.7703180209677419 0.18048024838709678 0.7950530032258064 0.18280402741935484 0.8244994112903226 0.18125484193548386 0.9234393403225806 0.19209914838709677 0.9505300354838709 0.18977536774193549 0.9575971725806451 0.18590240161290322 0.9823321548387096 0.1975213016129032 0.998822143548387 0.1998450806451613 0.998822143548387 0.1533694806451613 0.9941107177419355 0.15259488709677418 0.9540636048387098 0.1533694806451613 0.939929329032258 0.15724244838709678 0.9328621903225807 0.16653756774193548 0.9128386338709679 0.16886134838709677 0.849234393548387 0.16886134838709677 0.8362779741935484 0.16343919516129032 0.751472320967742 0.1642137870967742 0.7396937580645162 0.16111541451612904 0.699646643548387 0.16576297419354838 0.6737338048387097 0.17738187419354837 0.7078916370967742 0.18435321451612902
0 0.12603062419354838 0.20526723548387096 0.20023557096774194 0.2006196741935484 0.23085983548387096 0.20371804838709676 0.3380447580645161 0.20449264193548386 0.4628975258064516 0.20139426774193547 0.48409894032258066 0.1967467080645161 0.4782096580645161 0.18590240161290322 0.4546525322580645 0.17970565483870968 0.34511189677419357 0.16886134838709677 0.33333333387096775 0.17350890806451613 0.2979976435483871 0.17350890806451613 0.2873969370967742 0.17738187419354837 0.2591283870967742 0.17893106129032257 0.22732626612903226 0.18512780806451612 0.21436984677419352 0.18357862096774194 0.1849234387096774 0.1874515887096774 0.17667844516129033 0.18435321451612902 0.14958775 0.18435321451612902 0.09893992903225807 0.18900077419354838 0.10011778548387097 0.2006196741935484 0.12603062419354838 0.20526723548387096