0 0.6123213112903225 0.60876 0.6108442629032258 0.6297866661290322 0.6213114758064516 0.66 0.6459016387096774 0.7066666661290323 0.665573770967742 0.7711111112903226 0.6836065580645162 0.7866666661290322 0.7590163935483871 0.8177777774193549 0.8 0.8222222225806451 0.8311475403225806 0.8177777774193549 0.8606557370967741 0.7955555548387097 0.8721311467741936 0.7955555548387097 0.8770491806451612 0.8088888887096775 0.9442622951612903 0.7711111112903226 0.9442622951612903 0.7466666661290323 0.9417491806451613 0.7269066661290323 0.9328852451612903 0.7088844451612903 0.8996475403225807 0.6908622225806452 0.8848754096774193 0.6948666661290323 0.8531147548387097 0.6778466661290322 0.7999327870967742 0.6478088887096773 0.7770360661290323 0.6377955548387096 0.7186836064516129 0.6327888887096774 0.6728885241935484 0.6347933338709677 0.6544229516129032 0.6347933338709677 0.6440819677419355 0.6257822225806452 0.6514688532258064 0.6147666661290322 0.6359573774193548 0.6037533338709677 0.6123213112903225 0.60876
0 0.287326229032258 0.5556933338709678 0.2858491806451613 0.5707133338709677 0.25704262258064514 0.5847288887096774 0.2356213112903226 0.5817266661290322 0.21494098387096774 0.5777222225806451 0.1890885241935484 0.6107622225806452 0.19204262258064517 0.6197733338709677 0.17136065645161289 0.6237777774193549 0.13147540967741936 0.6648288887096775 0.12778196774193548 0.6778466661290322 0.09897540967741936 0.6908622225806452 0.08568032741935484 0.7259066661290323 0.12039672096774193 0.7219022225806452 0.22675901612903224 0.7168955548387096 0.2371 0.6818511112903225 0.27033770483870967 0.6558177774193548 0.29471147580645163 0.6438044451612903 0.296190164516129 0.6227777774193549 0.3183475403225806 0.60876 0.31908688548387093 0.5977466661290323 0.3464163935483871 0.5727155548387096 0.3737704919354839 0.5866666661290323 0.3836065580645161 0.6 0.44262295161290316 0.6 0.4885245903225806 0.5666666661290323 0.5377049177419355 0.5555555548387097 0.5421524596774193 0.5476844451612903 0.5259016387096774 0.5446799999999999 0.5103918032258065 0.5366688887096774 0.5118688532258064 0.5266577774193548 0.5491803274193549 0.5133333338709677 0.43209672096774193 0.49962444516129034 0.38482459032258065 0.5066333338709678 0.34863114677419355 0.5136422225806451 0.36118852419354835 0.5316644451612903 0.3161327870967742 0.5156444451612903 0.2786885241935484 0.5155555548387097 0.2622950822580645 0.5311111112903225 0.2622950822580645 0.5466666661290323 0.287326229032258 0.5556933338709678
0 0.7852459016129032 0.9977777774193548 0.867213114516129 0.9977777774193548 0.8885245903225807 0.9844444451612903 0.875409835483871 0.94 0.8475409838709678 0.9155555548387098 0.824590164516129 0.9066666661290322 0.8016393435483871 0.9155555548387098 0.8032786887096774 0.9444444451612903 0.7852459016129032 0.9977777774193548
0 0.2032786887096774 0.8177777774193549 0.22131147580645158 0.8222222225806451 0.332786885483871 0.8 0.39672131129032256 0.8066666661290323 0.42295081935483875 0.8222222225806451 0.46229508225806454 0.8311111112903227 0.6377049177419355 0.8222222225806451 0.665573770967742 0.8133333338709677 0.6540983612903225 0.7888888887096774 0.46229508225806454 0.7555555548387096 0.3918032790322581 0.7688888887096774 0.3770491806451613 0.76 0.23278688548387094 0.7466666661290323 0.19508196774193548 0.7911111112903225 0.19344262258064515 0.8044444451612903 0.2032786887096774 0.8177777774193549
0 0.11311475483870967 0.5177777774193548 0.21272459032258068 0.5046288887096774 0.17800983548387095 0.49561777741935487 0.0590163935483871 0.5 0.11311475483870967 0.5177777774193548
0 0.22950819677419357 0.4866666661290323 0.2819672129032258 0.4933333338709677 0.3786885241935484 0.4266666661290323 0.4098360661290323 0.4222222225806452 0.4098360661290323 0.40666666612903224 0.4065573774193548 0.39333333387096775 0.4 0.39333333387096775 0.3767 0.41852222258064514 0.30655737741935485 0.4155555548387097 0.2639344258064516 0.4333333338709678 0.22950819677419357 0.46666666612903224 0.22295081935483874 0.47777777741935484 0.22950819677419357 0.4866666661290323
0 0.7475409838709678 0.5444444451612903 0.7947622951612904 0.5737155548387096 0.7540983612903226 0.5777777774193548 0.7491803274193548 0.5955555548387097 0.7557377048387096 0.6022222225806452 0.8032786887096774 0.6222222225806452 0.8950819677419355 0.6177777774193548 0.9147540983870969 0.6066666661290322 0.8770491806451612 0.5622222225806452 0.840983606451613 0.5533333338709677 0.791803279032258 0.52 0.7622950822580645 0.5177777774193548 0.7409836064516129 0.5266666661290323 0.7377049177419355 0.5333333338709678 0.7475409838709678 0.5444444451612903
0 0.8901639338709678 0.5088888887096774 0.9229508193548387 0.5133333338709677 0.9983606564516129 0.5044444451612904 0.9786885241935483 0.49111111129032253 0.9393442629032259 0.4822222225806452 0.8770491806451612 0.49111111129032253 0.8737704919354838 0.49777777741935486 0.8901639338709678 0.5088888887096774
0 0.6557377048387096 0.49555555483870967 0.6803278693548387 0.5022222225806451 0.7459016387096774 0.5022222225806451 0.7885245903225806 0.5155555548387097 0.8459016387096775 0.5066666661290322 0.8196721306451613 0.4888888887096774 0.7573770483870969 0.47777777741935484 0.6590163935483871 0.4755555548387097 0.6374344258064516 0.4816022225806451 0.6557377048387096 0.49555555483870967
0 0.5590163935483872 0.4488888887096774 0.6295081967741936 0.4577777774193549 0.675409835483871 0.45333333387096775 0.6885245903225806 0.4622222225806452 0.7049180322580645 0.4622222225806452 0.7262295080645161 0.44222222258064514 0.7196721306451613 0.4333333338709678 0.6852459016129032 0.4266666661290323 0.5508196725806451 0.43555555483870967 0.5475409838709677 0.44222222258064514 0.5590163935483872 0.4488888887096774
0 0.5857311467741935 0.3924888887096774 0.6027196725806452 0.4105133338709678 0.6032786887096774 0.4244444451612903 0.665573770967742 0.4266666661290323 0.665503279032258 0.4115133338709678 0.6115836064516129 0.38347777741935485 0.6065573774193549 0.36666666612903226 0.5442622951612903 0.3644444451612903 0.5650491806451613 0.3814755548387097 0.5857311467741935 0.3924888887096774