0 0.2713864306451613 0.45931758548387097 0.2802359887096774 0.5118110241935484 0.2669616516129032 0.5275590548387097 0.2699115048387097 0.5328083983870968 0.36686283225806454 0.5361286096774194 0.35416814193548385 0.5564593177419355 0.37828761129032257 0.5662493435483871 0.4176401177419355 0.5715196854838709 0.43794985322580643 0.5557060370967741 0.47349410000000003 0.5541994758064517 0.4853421822580645 0.5391417322580645 0.5136917403225807 0.5195643048387096 0.49380530967741937 0.49622047258064517 0.4650309741935484 0.4954671919354839 0.4548761064516129 0.4924566935483871 0.3969056048387097 0.5090209967741935 0.3914041290322581 0.4969737532258064 0.44810619516129035 0.4834199467741936 0.4159469032258065 0.4721233596774193 0.3825191741935484 0.47890288709677414 0.3825191741935484 0.44878215161290325 0.40494542741935485 0.4427585306451613 0.422716814516129 0.45706561612903224 0.4624926258064516 0.4653464564516129 0.5217315629032258 0.47739632580645164 0.6122846612903226 0.4781496064516129 0.8359882 0.44094488225806455 0.8879056048387097 0.4461942258064516 0.9587020645161289 0.3989501306451613 0.9660766967741935 0.39107611612903226 0.9660766967741935 0.36745406774193545 0.9557522129032258 0.3438320209677419 0.9306784661290324 0.34120734838709676 0.8657817112903227 0.35695538064516125 0.8480825951612903 0.3727034112903226 0.7760221241935483 0.38057742741935485 0.6091445435483871 0.37007874032258065 0.5884955758064516 0.39107611612903226 0.5427728612903227 0.38320210000000005 0.486725664516129 0.40157480322580646 0.45427728548387103 0.3989501306451613 0.29056047258064516 0.42782152258064515 0.26106194677419353 0.4514435693548387 0.2581120951612903 0.45931758548387097 0.2713864306451613 0.45931758548387097
0 0.6533923306451613 0.6089238838709677 0.700589970967742 0.6089238838709677 0.7389380532258064 0.5853018370967742 0.7536873161290323 0.5564304467741935 0.7359882 0.5459317580645161 0.7153392322580645 0.5485564306451612 0.6932153387096774 0.5721784774193548 0.640117993548387 0.5853018370967742 0.641592920967742 0.5984251967741935 0.6533923306451613 0.6089238838709677
0 0.6253687322580646 0.7847769032258065 0.641592920967742 0.7821522306451614 0.6902654870967743 0.7296587919354839 0.681415929032258 0.7165354338709677 0.6386430677419355 0.7086614177419355 0.6238938048387097 0.7112860887096774 0.6150442483870967 0.7270341209677419 0.6106194693548387 0.7716535435483871 0.6253687322580646 0.7847769032258065
0 0.4380530967741935 0.7795275596774194 0.47640118064516135 0.7769028870967742 0.504424779032258 0.7637795274193548 0.5117994096774193 0.7506561677419354 0.4985250741935484 0.7296587919354839 0.4690265483870968 0.7217847774193548 0.4336283193548387 0.7217847774193548 0.4203539822580645 0.7427821516129032 0.4188790564516129 0.7664042000000001 0.4380530967741935 0.7795275596774194
0 0.45427728548387103 0.8451443564516129 0.5471976403225807 0.847769029032258 0.567846608064516 0.8346456693548387 0.5648967548387097 0.8241469822580646 0.5486725661290323 0.8162729661290323 0.44100295 0.8188976370967742 0.44100295 0.8372703419354839 0.45427728548387103 0.8451443564516129
0 0.3554572274193548 0.9501312338709678 0.4070796467741935 0.95800525 0.46755162258064514 0.9370078741935484 0.48230088548387096 0.9055118112903225 0.43067846612903227 0.8713910758064516 0.3746312677419355 0.8713910758064516 0.34218289032258065 0.9133858274193548 0.340707964516129 0.9238845145161291 0.3554572274193548 0.9501312338709678
0 0.1386430677419355 0.7086614177419355 0.20353982258064515 0.7296587919354839 0.2123893806451613 0.7244094483870968 0.22418879032258066 0.737532808064516 0.2212389387096774 0.7742782145161291 0.22566371612903227 0.7821522306451614 0.25516224193548387 0.7979002629032258 0.3480825951612903 0.7664042000000001 0.35840707903225805 0.7585301838709678 0.3672566370967742 0.7270341209677419 0.4395280241935484 0.6981627290322581 0.4469026548387097 0.6745406822580645 0.4203539822580645 0.6299212596774193 0.3918392322580645 0.622047243548387 0.36873156290322584 0.6062992129032257 0.36135693225806453 0.5905511806451613 0.3480825951612903 0.5905511806451613 0.33480825967741934 0.5984251967741935 0.2138643064516129 0.6010498693548387 0.19026548709677418 0.6115485564516129 0.15339233064516128 0.6482939629032258 0.14896755161290323 0.6666666661290322 0.11799409999999999 0.6850393693548387 0.11799409999999999 0.6929133854838709 0.1386430677419355 0.7086614177419355
0 0.09144542741935484 0.8372703419354839 0.15044247741935485 0.7847769032258065 0.15044247741935485 0.7716535435483871 0.16519174032258066 0.7611548548387097 0.16519174032258066 0.7296587919354839 0.11504424838709677 0.6981627290322581 0.02507374677419355 0.7007874016129032 0.022123893548387095 0.7139107612903225 0.011799409677419355 0.7086614177419355 0.005899704838709678 0.7217847774193548 0.005899704838709678 0.8766404193548387 0.09144542741935484 0.8372703419354839
0 0.08259587096774193 0.6640419951612903 0.11356932096774194 0.6824146983870968 0.14601769838709677 0.6666666661290322 0.16076696129032259 0.6272965887096774 0.07522123870967742 0.6377952758064516 0.07227138709677419 0.6456692919354838 0.08259587096774193 0.6640419951612903
0 0.17256637096774194 0.5905511806451613 0.23746312741935482 0.5800524935483871 0.23746312741935482 0.5643044612903225 0.2138643064516129 0.5616797903225806 0.20648967580645158 0.5511811016129032 0.16076696129032259 0.5721784774193548 0.15929203548387097 0.5879265096774193 0.17256637096774194 0.5905511806451613
0 0.20943952741935484 0.4698162725806452 0.2433628322580645 0.4356955387096774 0.23598819999999998 0.4330708661290323 0.23008849516129032 0.4146981629032258 0.2138643064516129 0.4146981629032258 0.08259587096774193 0.42782152258064515 0.061946903225806454 0.44094488225806455 0.06342182903225807 0.46456692903225805 0.20943952741935484 0.4698162725806452
0 0.1755162241935484 0.9973753274193549 0.18289085483870968 0.9737532806451613 0.14011799354838708 0.9606299209677419 0.09882005967741936 0.9868766403225806 0.09587020645161291 0.9973753274193549 0.1755162241935484 0.9973753274193549
0 0.5427728612903227 0.6036745403225806 0.545722714516129 0.6089238838709677 0.550147491935484 0.6115485564516129 0.5811209435483871 0.6115485564516129 0.5825958709677419 0.6089238838709677 0.5870206483870968 0.6089238838709677 0.5884955758064516 0.6062992129032257 0.5870206483870968 0.5958005241935483 0.5840707967741936 0.5931758532258065 0.5781710919354839 0.5931758532258065 0.576696164516129 0.5905511806451613 0.5693215338709677 0.5905511806451613 0.567846608064516 0.5879265096774193 0.5442477870967742 0.5879265096774193 0.5427728612903227 0.5905511806451613 0.541297935483871 0.5984251967741935 0.5427728612903227 0.6036745403225806