0 0.6734693870967742 0.42630385483870964 0.6798469387096775 0.4240362806451613 0.6926020403225807 0.39229025 0.658163264516129 0.3877551016129032 0.6415816322580645 0.39909297096774193 0.6415816322580645 0.41269841290322584 0.6734693870967742 0.42630385483870964
0 0.2869897951612903 0.7664399096774194 0.27933673548387095 0.7891156467741935 0.2869897951612903 0.8095238096774193 0.29209183709677417 0.8526077096774193 0.28954081612903226 0.8798185935483871 0.2818877548387097 0.8866213145161289 0.2818877548387097 0.9115646258064516 0.31377550967741935 0.9070294790322582 0.3290816322580645 0.8911564629032258 0.3367346935483871 0.8707483000000001 0.36607142903225803 0.8594104306451613 0.3813775516129032 0.8344671209677419 0.3928571435483871 0.7936507935483871 0.3877551016129032 0.7845804983870968 0.3609693870967742 0.7891156467741935 0.3443877548387097 0.7369614516129032 0.31760204032258066 0.7301587306451613 0.2984693870967742 0.7120181403225807 0.27806122419354834 0.7346938774193548 0.2755102048387097 0.7392290241935484 0.2869897951612903 0.7664399096774194
0 0.31122449032258065 0.5691609983870968 0.3303571435483871 0.5714285709677419 0.3609693870967742 0.5419501129032258 0.36607142903225803 0.5192743758064516 0.3609693870967742 0.5102040822580645 0.3367346935483871 0.5124716548387096 0.30357142903225803 0.5419501129032258 0.3022959177419355 0.5555555548387097 0.31122449032258065 0.5691609983870968
0 0.39540816290322583 0.47845805 0.40816326451612905 0.4807256241935484 0.41836734677419357 0.4716553290322581 0.4249821435483871 0.4571315193548387 0.43911096935483873 0.4521088435483871 0.4583252548387097 0.4571315193548387 0.4696275516129032 0.46316099838709684 0.48214285645161287 0.46712018064516125 0.4872448983870968 0.4557823129032258 0.4795918370967742 0.4421768709677419 0.4272959177419355 0.43537415000000007 0.3966836741935484 0.4625850338709678 0.3915816322580645 0.46938775483870965 0.39540816290322583 0.47845805
0 0.48086734677419357 0.5170068032258065 0.5191326532258064 0.4988662129032258 0.5127551016129033 0.48299319677419356 0.4783163258064516 0.47845805 0.48214285645161287 0.4852607709677419 0.48086734677419357 0.5170068032258065
0 0.4897959177419355 0.9773242629032258 0.4897959177419355 0.9977324258064516 0.5676020403225807 0.9931972790322582 0.5688775516129033 0.9727891161290322 0.5612244903225806 0.9410430838709678 0.5471938774193548 0.9251700677419356 0.5357142854838709 0.8911564629032258 0.5255102048387097 0.8798185935483871 0.5038265306451614 0.9047619048387096 0.49234693870967744 0.9297052161290322 0.4961734693548387 0.963718820967742 0.4897959177419355 0.9773242629032258
0 0.6364795919354839 0.9977324258064516 0.6811224483870967 0.9977324258064516 0.7002551016129033 0.9795918370967742 0.7015306129032258 0.9569161 0.6887755096774194 0.9365079370967742 0.6428571435483872 0.9251700677419356 0.622448979032258 0.9387755096774193 0.6237244903225806 0.9750566887096775 0.6364795919354839 0.9977324258064516
0 0.533163264516129 0.7823129258064516 0.5369897951612903 0.8208616774193548 0.5420918370967742 0.8253968258064517 0.5637755096774194 0.8253968258064517 0.6084183677419355 0.7913832193548387 0.627551020967742 0.8276643983870968 0.6415816322580645 0.8185941048387096 0.6479591838709677 0.7981859403225807 0.6237244903225806 0.7664399096774194 0.5892857145161291 0.7551020403225807 0.5701530612903225 0.7392290241935484 0.5510204080645161 0.7437641725806451 0.533163264516129 0.7619047612903226 0.5280612241935484 0.7732426306451613 0.533163264516129 0.7823129258064516
0 0.7423469387096775 0.39229025 0.7602040822580645 0.4376417225806452 0.7219387758064516 0.4648526080645161 0.720663264516129 0.47392290322580644 0.8022959177419355 0.5260770967741936 0.8214285709677419 0.5782312919354838 0.8596938774193549 0.6394557822580645 0.8673469387096774 0.6417233564516128 0.8826530612903226 0.6281179145161291 0.8954081629032258 0.6009070290322581 0.9030612241935484 0.6077097499999999 0.9298469387096774 0.6009070290322581 0.9553571435483871 0.634920635483871 0.9515306129032258 0.6099773241935484 0.9655612241935484 0.6031746032258064 0.9757653064516129 0.5827664403225806 0.966836735483871 0.5442176870967742 0.9285714290322581 0.5238095241935484 0.9336734693548387 0.49659863870967746 0.9464285709677419 0.49659863870967746 0.9489795919354839 0.48299319677419356 0.9630102048387097 0.4761904758064516 0.964285714516129 0.4648526080645161 0.9311224483870968 0.3945578225806452 0.9196428564516129 0.385487529032258 0.9030612241935484 0.34920635 0.8839285709677419 0.33106575967741936 0.8380102048387097 0.34693877580645166 0.7908163258064517 0.3174603177419355 0.7423469387096775 0.3174603177419355 0.7244897951612903 0.32879818548387096 0.720663264516129 0.3764172338709677 0.7321428564516128 0.39229025 0.7423469387096775 0.39229025
0 0.6428571435483872 0.5827664403225806 0.6734693870967742 0.5442176870967742 0.654336735483871 0.4943310661290322 0.6313775516129033 0.4807256241935484 0.6173469387096775 0.48299319677419356 0.6109693870967742 0.5079365080645162 0.595663264516129 0.5192743758064516 0.5905612241935484 0.5328798193548387 0.5931122451612904 0.5510204080645161 0.6428571435483872 0.5827664403225806
0 0.5306122451612904 0.4603174596774193 0.5561224483870967 0.45351473870967746 0.627551020967742 0.4580498870967742 0.6390306129032258 0.44897959193548387 0.622448979032258 0.4036281177419355 0.6109693870967742 0.40136054354838707 0.5727040822580645 0.4036281177419355 0.5663265306451614 0.4172335596774193 0.5459183677419355 0.4308390016129032 0.5204081629032258 0.4376417225806452 0.5165816322580645 0.4467120177419355 0.5306122451612904 0.4603174596774193
0 0.6198979596774193 0.3832199548387097 0.6173469387096775 0.36961451290322583 0.595663264516129 0.35374149677419353 0.559948979032258 0.36507936451612905 0.5357142854838709 0.36281179193548385 0.5229591838709677 0.37188208548387097 0.5255102048387097 0.3900226758064516 0.6198979596774193 0.3832199548387097
0 0.5752551016129033 0.2834467112903226 0.5880102048387097 0.29024943387096774 0.5854591838709677 0.3174603177419355 0.595663264516129 0.3446712016129032 0.6313775516129033 0.35374149677419353 0.690051020967742 0.34920635 0.690051020967742 0.33333333387096775 0.6721938774193548 0.3106575967741935 0.6645408161290323 0.2811791387096774 0.6696428564516128 0.27664399032258064 0.6211734693548386 0.26077097580645164 0.6045918370967742 0.2471655322580645 0.5778061225806452 0.2471655322580645 0.5790816322580645 0.27664399032258064 0.5752551016129033 0.2834467112903226
0 0.7086798467741936 0.17381179193548388 0.7510650516129032 0.17381179193548388 0.7697155612903226 0.18184807258064517 0.7759311225806451 0.19490929677419352 0.7606734693548387 0.19993197258064516 0.7482397951612904 0.20596145161290322 0.7199834177419355 0.2089750564516129 0.6213188774193549 0.18895464838709677 0.5919821435483871 0.2002925177419355 0.598359693548387 0.24564399032258064 0.6315229596774193 0.2592494338709677 0.6787168370967742 0.24564399032258064 0.7208086741935484 0.254714285483871 0.7820331629032259 0.2411088435483871 0.7973392854838709 0.22296825322580646 0.8279515306451614 0.22296825322580646 0.7998903064516129 0.21389795967741937 0.788410714516129 0.17081405967741936 0.7654515306451612 0.15720861612903225 0.6876454080645161 0.1549410435483871 0.6557576532258065 0.16401133709677418 0.6404515306451612 0.15720861612903225 0.6645994903225807 0.17180045322580645 0.7086798467741936 0.17381179193548388