0 0.3955078129032258 0.8838235290322581 0.3955078129032258 0.8926470580645162 0.4121093741935484 0.9117647064516129 0.4296875 0.95 0.46875 0.9823529419354838 0.5214843741935484 0.9955882354838711 0.5654296870967741 0.9602941177419354 0.5800781258064516 0.9573529419354838 0.6025390629032259 0.9264705887096774 0.6162109370967741 0.888235293548387 0.6142578129032259 0.8794117645161289 0.6181640629032259 0.875 0.6181640629032259 0.863235293548387 0.61328125 0.8485294112903227 0.6220703129032259 0.8338235290322581 0.6220703129032259 0.8191176467741935 0.6005859370967741 0.7720588241935483 0.5917968741935484 0.7647058822580645 0.5292968741935484 0.7397058822580644 0.5087890629032259 0.738235293548387 0.46582031290322584 0.7514705887096774 0.45800781290322584 0.7691176467741935 0.42675781290322584 0.7823529419354839 0.4091796870967742 0.8014705887096775 0.3886718741935484 0.8397058822580645 0.3886718741935484 0.8705882354838711 0.3955078129032258 0.8838235290322581
0 0.8544921870967742 0.629411764516129 0.8837890629032258 0.6529411758064516 0.9072265629032258 0.6632352935483871 0.9667968741935483 0.6720588241935483 0.9658203129032258 0.6632352935483871 0.9873046870967742 0.6485294112903226 0.9863281258064517 0.6411764709677419 0.96875 0.6338235290322581 0.9589843741935483 0.6161764709677419 0.9248046870967742 0.5985294112903226 0.8671875 0.5926470580645161 0.8496093741935483 0.6044117645161291 0.84765625 0.6176470580645161 0.8544921870967742 0.629411764516129
0 0.9121093741935483 0.48088235322580647 0.90625 0.4897058822580645 0.9228515629032258 0.511764706451613 0.9990234370967742 0.5485294112903226 0.9990234370967742 0.4911764709677419 0.9238281258064517 0.45588235322580645 0.9072265629032258 0.45735294193548387 0.9140625 0.4661764709677419 0.9121093741935483 0.48088235322580647
0 0.6943359370967741 0.5808823532258065 0.7128906258064516 0.591176470967742 0.76171875 0.5985294112903226 0.7734375 0.5882352935483871 0.7675781258064516 0.5691176467741935 0.7470703129032259 0.5529411758064516 0.6894531258064516 0.5529411758064516 0.6865234370967741 0.5632352935483871 0.6943359370967741 0.5808823532258065
0 0.45703125 0.654411764516129 0.4746093741935484 0.6735294112903226 0.5224609370967741 0.6779411758064516 0.5419921870967741 0.6735294112903226 0.5732421870967741 0.6529411758064516 0.5605468741935484 0.607352941935484 0.5322265629032259 0.5882352935483871 0.48828125 0.5926470580645161 0.47363281290322584 0.6044117645161291 0.46386718709677416 0.6044117645161291 0.45410156290322584 0.6176470580645161 0.453125 0.636764706451613 0.45703125 0.654411764516129
0 0.5078125 0.5073529419354839 0.5566406258064516 0.517647058064516 0.58203125 0.513235293548387 0.6064453129032259 0.4897058822580645 0.6025390629032259 0.47941176451612905 0.5859375 0.4720588241935484 0.5341796870967741 0.47352941129032255 0.5029296870967741 0.48529411774193554 0.5 0.4897058822580645 0.5078125 0.5073529419354839
0 0.51953125 0.40147058870967745 0.5703125 0.40882352903225805 0.5917968741935484 0.40882352903225805 0.609375 0.3970588241935484 0.6064453129032259 0.383823529032258 0.5917968741935484 0.37941176451612907 0.5302734370967741 0.38235294193548386 0.5146484370967741 0.39117647096774194 0.5136718741935484 0.39558823548387095 0.51953125 0.40147058870967745
0 0.7089843741935484 0.3970588241935484 0.6953125 0.3985294112903226 0.6894531258064516 0.40588235322580646 0.7158203129032259 0.4264705887096774 0.7421875 0.43529411774193555 0.7685546870967741 0.43382352903225807 0.7900390629032259 0.41764705806451613 0.8125 0.42352941129032257 0.8447265629032258 0.41911764677419355 0.7724609370967741 0.37205882419354835 0.7470703129032259 0.366176470967742 0.7216796870967741 0.37058823548387093 0.7546162112903226 0.4010691177419355 0.7089843741935484 0.3970588241935484
0 0.5917968741935484 0.35882352903225806 0.6240234370967741 0.36323529354838713 0.6855468741935484 0.3617647064516129 0.7041015629032259 0.35735294193548384 0.7109375 0.35 0.6972656258064516 0.34117647096774195 0.6357421870967741 0.33382352903225804 0.6015625 0.33382352903225804 0.5839843741935484 0.34411764677419354 0.58203125 0.3514705887096774 0.5917968741935484 0.35882352903225806
0 0.5048828129032259 0.3367647064516129 0.5478515629032259 0.33235294193548387 0.5527343741935484 0.32205882419354837 0.5498046870967741 0.31764705806451615 0.50390625 0.3117647064516129 0.47753906290322584 0.32647058870967743 0.48046875 0.33382352903225804 0.5048828129032259 0.3367647064516129
0 0.57421875 0.33088235322580645 0.6191406258064516 0.329411764516129 0.6425781258064516 0.31764705806451615 0.5966796870967741 0.30882352903225807 0.5449218741935484 0.3147058822580645 0.5439453129032259 0.32058823548387094 0.57421875 0.33088235322580645
0 0.5078125 0.27058823548387095 0.51171875 0.26764705806451616 0.5175781258064516 0.275 0.6025390629032259 0.27941176451612904 0.6191406258064516 0.275 0.609375 0.26617647096774194 0.6113281258064516 0.25294117580645165 0.6347656258064516 0.23235294193548384 0.6220703129032259 0.225 0.6259765629032259 0.2117647064516129 0.6083984370967741 0.2132352935483871 0.60546875 0.23088235322580647 0.5966796870967741 0.225 0.59375 0.21470588225806453 0.5605468741935484 0.20735294193548384 0.5458984370967741 0.22794117580645162 0.5336914064516128 0.23382352903225806 0.5019531258064516 0.23235294193548384 0.5 0.23970588225806452 0.4980468741935484 0.2558823532258065 0.5078125 0.27058823548387095
0 0.6660156258064516 0.27058823548387095 0.6787109370967741 0.2867647064516129 0.7089843741935484 0.2882352935483871 0.7158203129032259 0.2823529419354838 0.7138671870967741 0.27647058870967745 0.6894531258064516 0.2647058822580645 0.6503906258064516 0.258823529032258 0.6533203129032259 0.26764705806451616 0.6660156258064516 0.27058823548387095
0 0.5410156258064516 0.295588235483871 0.5556640629032259 0.29852941129032257 0.6025390629032259 0.2970588241935484 0.62109375 0.2867647064516129 0.6162109370967741 0.27058823548387095 0.5332031258064516 0.2823529419354838 0.5322265629032259 0.2867647064516129 0.5410156258064516 0.295588235483871
0 0.37890625 0.4 0.3828125 0.4073529419354838 0.375 0.4264705887096774 0.3671875 0.4308823532258065 0.3671875 0.4441176467741935 0.3505859370967742 0.47352941129032255 0.35546875 0.511764706451613 0.3691406258064516 0.525 0.3652343741935484 0.5455882354838709 0.3486328129032258 0.5705882354838709 0.3486328129032258 0.5794117645161291 0.33203125 0.5897058822580645 0.3261718741935484 0.6 0.3222656258064516 0.6220588241935484 0.3271484370967742 0.642647058064516 0.30859375 0.7 0.3017578129032258 0.7117647064516129 0.2939453129032258 0.7102941177419355 0.2900390629032258 0.716176470967742 0.2871093741935484 0.7338235290322581 0.2832031258064516 0.738235293548387 0.2783203129032258 0.7352941177419355 0.2675781258064516 0.7470588241935484 0.2753906258064516 0.8720588241935484 0.3066406258064516 0.979411764516129 0.3173828129032258 0.9852941177419354 0.3359375 0.9720588241935484 0.3457031258064516 0.9279411758064516 0.3574218741935484 0.9058823532258065 0.36328125 0.9029411758064516 0.3623046870967742 0.8941176467741935 0.3818359370967742 0.8573529419354838 0.3808593741935484 0.8441176467741935 0.3691406258064516 0.8470588241935484 0.35546875 0.825 0.3652343741935484 0.8132352935483871 0.3623046870967742 0.7911764709677419 0.3564453129032258 0.7882352935483871 0.3525390629032258 0.775 0.35546875 0.7485294112903226 0.3515625 0.7102941177419355 0.35546875 0.6970588241935484 0.3613281258064516 0.6926470580645161 0.3779296870967742 0.6264705887096774 0.3779296870967742 0.5852941177419355 0.3916015629032258 0.5779411758064517 0.4042968741935484 0.5323529419354839 0.41503906290322584 0.529411764516129 0.42675781290322584 0.5161764709677419 0.421875 0.4926470580645161 0.4140625 0.4823529419354839 0.4140625 0.4588235290322581 0.4091796870967742 0.4529411758064516 0.4091796870967742 0.4426470580645161 0.41894531290322584 0.43382352903225807 0.43457031290322584 0.43382352903225807 0.45605468709677416 0.41911764677419355 0.44042968709677416 0.3897058822580645 0.44140625 0.3764705887096774 0.43359375 0.3529411758064516 0.4238281258064516 0.34411764677419354 0.4072265629032258 0.3426470580645162 0.4052734370967742 0.36323529354838713 0.3935546870967742 0.3691176467741935 0.3876953129032258 0.366176470967742 0.3798828129032258 0.3735294112903226 0.3828125 0.383823529032258 0.37890625 0.4