0 0.38020833387096775 0.8580729161290324 0.44270833387096775 0.86328125 0.4826388887096774 0.8411458338709676 0.5 0.8151041661290322 0.5347222225806452 0.7838541661290322 0.5329861112903226 0.7552083338709678 0.515625 0.7434895838709678 0.47569444516129034 0.7473958338709678 0.47395833387096775 0.7578125 0.39930555483870966 0.7916666661290322 0.36458333387096775 0.80078125 0.3454861112903226 0.8177083338709678 0.34722222258064517 0.8359375 0.38020833387096775 0.8580729161290324
0 0.25 0.7356770838709678 0.26041666612903225 0.7395833338709678 0.30208333387096775 0.7408854161290322 0.33854166612903225 0.734375 0.33854166612903225 0.7278645838709678 0.3107638887096774 0.7096354161290322 0.25347222258064517 0.7135416661290322 0.24652777741935483 0.7239583338709678 0.25 0.7356770838709678
0 0.5972222225806452 0.9231770838709676 0.6041666661290322 0.9375 0.59375 0.9596354161290324 0.5989583338709678 0.9986979161290324 0.6875 0.9986979161290324 0.6753472225806452 0.9674479161290324 0.6892361112903226 0.9309895838709676 0.6736111112903226 0.91796875 0.65625 0.9127604161290324 0.6423611112903226 0.890625 0.6024305548387097 0.8802083338709676 0.5850694451612903 0.8828125 0.5607638887096774 0.8958333338709676 0.5607638887096774 0.90625 0.5972222225806452 0.9231770838709676
0 0.6440972225806452 0.5794270838709678 0.6458333338709678 0.5911458338709678 0.6579861112903226 0.6002604161290322 0.6684027774193548 0.62109375 0.6996527774193548 0.6354166661290322 0.7447916661290322 0.6328125 0.7447916661290322 0.6171875 0.7170138887096774 0.5924479161290322 0.703125 0.5690104161290322 0.6805555548387097 0.5598958338709678 0.6493055548387097 0.5598958338709678 0.6597222225806452 0.5703125 0.6440972225806452 0.5794270838709678
0 0.859375 0.6888020838709678 0.890625 0.6888020838709678 0.9010416661290324 0.6770833338709678 0.8993055548387097 0.6510416661290322 0.8645833338709676 0.63671875 0.84375 0.6380208338709678 0.8472222225806452 0.6809895838709678 0.859375 0.6888020838709678
0 0.9114583338709676 0.5325520838709678 0.9288194451612903 0.5520833338709678 0.9618055548387097 0.5651041661290322 0.9670138887096775 0.5729166661290322 0.9982638887096775 0.578125 0.9982638887096775 0.49479166612903225 0.9895833338709676 0.4921875 0.9652777774193548 0.5065104161290322 0.9114583338709676 0.5026041661290322 0.90625 0.5052083338709678 0.9114583338709676 0.5325520838709678
0 0.8875069451612904 0.46581770806451617 0.8619375 0.45282682258064516 0.8368055548387097 0.45833333387096775 0.859375 0.47135416612903225 0.8875069451612904 0.46581770806451617
0 0.9149305548387097 0.44661458387096775 0.9305555548387097 0.44401041612903225 0.9322916661290324 0.4375 0.9205000000000001 0.4256067709677419 0.8924548612903225 0.43117447903225803 0.8871527774193548 0.43880208387096775 0.9149305548387097 0.44661458387096775
0 0.7638888887096774 0.40234375 0.8072916661290322 0.4296875 0.8368055548387097 0.43229166612903225 0.8576388887096775 0.42317708387096775 0.8541666661290324 0.4140625 0.8611111112903225 0.40234375 0.8454861112903225 0.390625 0.7690972225806452 0.37109375 0.7048611112903226 0.37109375 0.7083333338709678 0.38020833387096775 0.7638888887096774 0.40234375
0 0.3125 0.47395833387096775 0.35137326451612905 0.4763333338709677 0.39261458387096776 0.45777474032258064 0.3761180548387097 0.444165364516129 0.35054861129032255 0.4416914064516129 0.3142569451612903 0.44540364516129033 0.30208333387096775 0.45963541612903225 0.3125 0.47395833387096775
0 0.37152777741935483 0.5013020838709678 0.36805555483870966 0.5091145838709678 0.3767361112903226 0.51953125 0.39930555483870966 0.5143229161290322 0.40104166612903225 0.5026041661290322 0.38715277741935483 0.49348958387096775 0.35243055483870966 0.4921875 0.35243055483870966 0.49609375 0.37152777741935483 0.5013020838709678
0 0.2986111112903226 0.63671875 0.33854166612903225 0.6380208338709678 0.35590277741935483 0.6276041661290322 0.3298611112903226 0.6067708338709678 0.30902777741935483 0.6041666661290322 0.28472222258064517 0.609375 0.28993055483870966 0.6302083338709678 0.2986111112903226 0.63671875
0 0.5295138887096774 0.28645833387096775 0.5694444451612903 0.29036458387096775 0.5642361112903226 0.25390625 0.5277777774193548 0.25260416612903225 0.5347222225806452 0.27213541612903225 0.5295138887096774 0.28645833387096775
0 0.46180555483870966 0.22265625 0.484375 0.20833333387096772 0.44791666612903225 0.20442708387096775 0.43402777741935483 0.21223958387096772 0.4392361112903226 0.22005208387096772 0.46180555483870966 0.22265625
0 0.09067534677419355 0.23914583387096774 0.10069444516129032 0.23567708387096772 0.08718923548387097 0.23204557258064518 0.06078298548387097 0.2327929693548387 0.04334548548387097 0.2327929693548387 0.033878472580645164 0.24026692741935485 0.05480381935483872 0.24138802096774192 0.09067534677419355 0.23914583387096774
0 0.039857638709677415 0.2525976564516129 0.06476909677419355 0.2514765629032258 0.0722413193548387 0.2503554693548387 0.07273958387096774 0.24624479193548388 0.01195659677419355 0.2503554693548387 0.039857638709677415 0.2525976564516129
0 0 0.27389713548387096 0.01096006935483871 0.28062239516129034 0.02291840322580645 0.27725911451612906 0.033878472580645164 0.2724023435483871 0.044342014516129034 0.2667968741935484 0.051814235483870964 0.2623125 0.061779514516129036 0.256334635483871 0.03088888870967742 0.2593242193548387 0.03088888870967742 0.26380729193548386 0.01843402741935484 0.2679179693548387 0 0.2671705725806452 0 0.27389713548387096