0 0.4545454548387096 0.58891455 0.479220779032258 0.6004618935483871 0.5220779225806451 0.6027713629032259 0.5376623370967741 0.5819861435483871 0.5285714290322581 0.5635103919354839 0.49610389677419353 0.5357967661290323 0.45064935 0.5588914548387096 0.44935064999999996 0.5796766741935484 0.4545454548387096 0.58891455
0 0.6217741935483871 0.5338709677419354 0.04032258064516129 0.041935483870967745
0 0.6324675322580645 0.9260969983870969 0.6571428564516129 0.942263279032258 0.6961038967741935 0.9468822177419354 0.7688311693548386 0.919168591935484 0.7675324677419355 0.9030023096774195 0.7532467532258065 0.8845265596774193 0.7454545451612904 0.8452655887096774 0.7259740258064517 0.80369515 0.7025974032258064 0.7829099306451612 0.6688311693548387 0.7875288677419355 0.6194805193548387 0.879907620967742 0.6181818177419355 0.8914549661290323 0.6324675322580645 0.9260969983870969
0 0.6051948048387097 0.6812933032258064 0.6636363629032258 0.6974595838709677 0.7480519483870968 0.7043879903225806 0.7714285709677419 0.6882217096774194 0.7662337661290323 0.6697459580645162 0.74935065 0.6512702080645162 0.7090909096774194 0.6258660516129032 0.6779220774193548 0.6351039258064516 0.6246753241935484 0.6327944580645161 0.5818181822580646 0.6489607387096774 0.5844155838709678 0.6628175516129032 0.6051948048387097 0.6812933032258064
0 0.33116883064516134 0.6859122403225806 0.3740259741935484 0.7136258661290322 0.47142857096774193 0.6997690532258064 0.4870129870967742 0.6789838338709677 0.48181818225806455 0.6466512709677419 0.43506493548387093 0.6096997693548387 0.3805194806451613 0.6096997693548387 0.35064934999999997 0.6489607387096774 0.3272727274193548 0.665127020967742 0.3246753241935484 0.6743648967741935 0.33116883064516134 0.6859122403225806
0 0.7064935064516129 0.5819861435483871 0.7870129870967743 0.5958429564516129 0.8415584419354839 0.5588914548387096 0.8454545451612904 0.5357967661290323 0.8415584419354839 0.5173210161290323 0.8259740258064515 0.49422632741935485 0.7948051951612903 0.49884526612903224 0.7519480516129032 0.5080831403225806 0.7311688306451614 0.556581985483871 0.6961038967741935 0.5635103919354839 0.6935064935483871 0.5704387983870968 0.7064935064516129 0.5819861435483871
0 0.7467532467741935 0.4711316403225806 0.7740259741935483 0.45265588870967743 0.7610389612903226 0.4341801387096774 0.7311688306451614 0.4272517322580645 0.7129870129032257 0.4341801387096774 0.7155844161290322 0.4572748274193549 0.7467532467741935 0.4711316403225806
0 0.6157272725806451 0.38003233225806454 0.6883116887096774 0.3879907629032258 0.6623376629032258 0.3810623564516129 0.6454545451612903 0.36027713548387097 0.5909090903225807 0.3556581983870968 0.5961038967741935 0.3718244806451613 0.6157272725806451 0.38003233225806454
0 0.3727272725806452 0.4572748274193549 0.3922077919354839 0.43648960806451614 0.3870129870967742 0.4249422629032258 0.3753246758064516 0.4226327951612903 0.3428571435483871 0.44110854516129033 0.34675324677419356 0.45496535806451616 0.3727272725806452 0.4572748274193549
0 0.020779220967741936 0.4896073903225806 0.10129870161290322 0.4572748274193549 0.1129870129032258 0.4341801387096774 0.09220779193548387 0.42956120161290323 0.0025974032258064515 0.4665127016129032 0 0.4826789838709677 0.020779220967741936 0.4896073903225806
0 0.42207792258064514 0.2794457274193548 0.3935064935483871 0.27713625806451614 0.3922077919354839 0.28406466451612905 0.42207792258064514 0.2794457274193548
0 0.5116883112903226 0.31408775967741936 0.5324675322580645 0.31408775967741936 0.55064935 0.3094688225806451 0.5545454548387097 0.30023094677419354 0.506493506451613 0.30254041612903226 0.5051948048387097 0.3094688225806451 0.5116883112903226 0.31408775967741936
0 0.6597402596774193 0.32332563548387094 0.7142857145161291 0.31639722903225803 0.6896103903225806 0.30254041612903226 0.6233766225806452 0.30254041612903226 0.6220779225806452 0.3094688225806451 0.6597402596774193 0.32332563548387094
0 0.5454545451612903 0.2725173209677419 0.5805194806451612 0.26558891451612904 0.579220779032258 0.2563510387096774 0.5714285709677419 0.25404157096774194 0.5363636370967741 0.2586605080645161 0.5350649354838709 0.26789838387096776 0.5454545451612903 0.2725173209677419
0 0.5675324677419356 0.2517321016129032 0.6103896096774193 0.2424942258064516 0.5675324677419356 0.2378752887096774 0.5610389612903226 0.2401847580645161 0.5675324677419356 0.2517321016129032