0 0.5239583338709678 0.6106032903225806 0.5510416661290323 0.6508226693548388 0.5666666661290323 0.6691042048387097 0.5833333338709678 0.6745886661290322 0.6354166661290322 0.7129798903225806 0.6729166661290322 0.7111517370967743 0.7614583338709677 0.6544789758064516 0.7916666661290322 0.6453382080645161 0.8354166661290323 0.6453382080645161 0.8677083338709677 0.6599634370967742 0.896875 0.6581352838709678 0.9333333338709677 0.6343692870967742 0.9458333338709677 0.6087751370967742 0.9625 0.5923217548387096 0.9989583338709677 0.5923217548387096 0.9989583338709677 0.5338208403225807 0.98125 0.5557586838709677 0.9604166661290323 0.5575868370967743 0.9364583338709677 0.5429616080645161 0.8739583338709677 0.5411334548387097 0.8322916661290323 0.5484460693548387 0.8072916661290322 0.5283363806451613 0.7479166661290322 0.5191956129032258 0.653125 0.5210237661290322 0.5916666661290322 0.5283363806451613 0.546875 0.5429616080645161 0.5333333338709678 0.5502742225806452 0.5270833338709677 0.5630712983870967 0.528125 0.5923217548387096 0.5239583338709678 0.6106032903225806
0 0.3739583338709677 0.6526508225806451 0.4072916661290323 0.6727605112903225 0.428125 0.6745886661290322 0.45520833387096776 0.6617915903225806 0.4989583338709678 0.6087751370967742 0.5020833338709678 0.5978062161290323 0.4958333338709678 0.5886654483870968 0.496875 0.5648994516129032 0.48229166612903224 0.5539305306451613 0.4458333338709678 0.5521023758064516 0.3770833338709677 0.5776965258064516 0.36458333387096775 0.6051188306451613 0.365625 0.6307129806451613 0.3739583338709677 0.6526508225806451
0 0.4885416661290322 0.5283363806451613 0.4989583338709678 0.5283363806451613 0.5104166661290322 0.5173674580645161 0.5072916661290322 0.5027422306451612 0.4833333338709678 0.5063985370967742 0.48125 0.5173674580645161 0.4885416661290322 0.5283363806451613
0 0.17604166612903224 0.5594149903225806 0.203125 0.5758683725806452 0.20520833387096774 0.5923217548387096 0.18125 0.6124314435483871 0.1875 0.6361974403225806 0.215625 0.6343692870967742 0.22395833387096772 0.6288848258064517 0.228125 0.6142595983870968 0.23854166612903227 0.6032906758064516 0.2645833338709677 0.5941499080645162 0.27708333387096773 0.5575868370967743 0.271875 0.5319926870967742 0.25625 0.5100548451612904 0.234375 0.5082266903225806 0.22291666612903227 0.49542961612903225 0.2 0.5246800725806452 0.18020833387096774 0.5356489951612903 0.17604166612903224 0.5429616080645161 0.17604166612903224 0.5594149903225806
0 0.06145833387096774 0.5594149903225806 0.08333333387096774 0.5722120661290323 0.1125 0.5502742225806452 0.12708333387096774 0.5246800725806452 0.11145833387096775 0.5210237661290322 0.09479166612903227 0.5265082274193548 0.07916666612903227 0.5411334548387097 0.060416666129032265 0.5411334548387097 0.05833333387096774 0.5521023758064516 0.06145833387096774 0.5594149903225806
0 0 0.7129798903225806 0.025 0.7148080435483871 0.05729166612903226 0.6946983548387097 0.08020833387096774 0.6691042048387097 0.0875 0.6526508225806451 0.0875 0.6361974403225806 0.07604166612903226 0.6179159048387097 0.034375 0.6124314435483871 0.003125 0.6307129806451613 0 0.6343692870967742 0 0.7129798903225806
0 0.014583333870967743 0.8043875693548388 0.01875 0.7989031080645161 0.01875 0.7678244967741936 0.0020833338709677417 0.7477148080645162 0 0.8080438758064517 0.014583333870967743 0.8043875693548388
0 0.14791666612903226 0.7440585016129032 0.17395833387096774 0.7531992693548387 0.20833333387096772 0.7202925048387097 0.215625 0.6965265080645161 0.228125 0.6837294338709677 0.23333333387096772 0.6691042048387097 0.16979166612903226 0.6800731258064516 0.15833333387096774 0.6892138935483871 0.14375 0.7221206580645161 0.14270833387096774 0.733089579032258 0.14791666612903226 0.7440585016129032
0 0.25 0.7239488112903225 0.26145833387096773 0.7221206580645161 0.26979166612903227 0.7111517370967743 0.265625 0.6983546612903226 0.24375 0.7056672758064516 0.240625 0.7184643516129032 0.25 0.7239488112903225
0 0.31979166612903226 0.7440585016129032 0.3302083338709677 0.7440585016129032 0.33645833387096774 0.7349177338709678 0.3270833338709677 0.7202925048387097 0.31770833387096775 0.7276051193548387 0.315625 0.7385740403225807 0.31979166612903226 0.7440585016129032
0 0.5947916661290322 0.817184643548387 0.6135416661290323 0.8153564903225806 0.6197916661290322 0.8080438758064517 0.6197916661290322 0.8007312612903226 0.609375 0.7879341870967742 0.5833333338709678 0.7897623403225806 0.5822916661290323 0.8043875693548388 0.5947916661290322 0.817184643548387
0 0.5614583338709678 0.8775137112903225 0.5791666661290322 0.8775137112903225 0.5916666661290322 0.8592321758064515 0.5854166661290322 0.842778793548387 0.5614583338709678 0.8446069467741935 0.5583333338709677 0.8592321758064515 0.5614583338709678 0.8775137112903225
0 0.5322916661290322 0.8080438758064517 0.5479166661290322 0.8080438758064517 0.5510416661290323 0.7952468 0.540625 0.7806215725806451 0.51875 0.7897623403225806 0.51875 0.8007312612903226 0.5322916661290322 0.8080438758064517