0 0.45425867580645163 0.7019607838709677 0.4652996838709677 0.7019607838709677 0.47949526774193546 0.7274509806451613 0.49053627741935485 0.7274509806451613 0.4936908516129032 0.7176470580645161 0.6861198741935484 0.7333333338709678 0.7239747629032258 0.7235294112903226 0.7145110403225806 0.6882352935483871 0.6735015774193549 0.6725490193548387 0.4984227129032258 0.6529411758064516 0.4195583596774194 0.6509803919354838 0.37066246129032254 0.6627450983870967 0.4195583596774194 0.6725490193548387 0.45425867580645163 0.7019607838709677
0 0.5820189274193549 0.829411764516129 0.5757097790322581 0.8450980387096774 0.5804416403225806 0.8568627451612904 0.6340694 0.8666666661290323 0.6419558354838709 0.8803921564516128 0.6876971612903225 0.888235293548387 0.6940063096774194 0.8980392161290323 0.7902208209677419 0.8627450983870968 0.7854889596774194 0.8450980387096774 0.7665615145161291 0.841176470967742 0.7602523661290322 0.8254901967741936 0.7429022080645161 0.809803920967742 0.6703470032258064 0.7960784306451613 0.624605679032258 0.7784313725806452 0.6009463725806451 0.7784313725806452 0.6025236596774193 0.8156862741935483 0.5820189274193549 0.829411764516129
0 0.3880126177419355 0.9686274516129033 0.39905362741935485 0.9980392161290322 0.626182964516129 0.9980392161290322 0.6419558354838709 0.9823529419354838 0.6293375387096775 0.9647058822580645 0.626182964516129 0.9431372548387097 0.6135646693548388 0.9372549016129031 0.6104100951612903 0.9254901967741934 0.4069400629032258 0.9196078435483872 0.33123028387096776 0.9313725483870967 0.33280757096774194 0.9470588241935484 0.3880126177419355 0.9686274516129033
0 0 0.7862745096774194 0.014195583870967742 0.8176470580645161 0.03312302903225806 0.8352941177419354 0.09621451129032257 0.8254901967741936 0.09779179838709677 0.8137254903225806 0.13880126129032258 0.8039215693548387 0.23028391129032258 0.7901960790322581 0.14269558387096773 0.7814803919354839 0.060164037096774196 0.7833980387096775 0.057078864516129035 0.7527137258064516 0.12726971612903226 0.744084314516129 0.21982965322580647 0.7354529419354838 0.07867507903225807 0.726823529032258 0.12881230322580647 0.7047705887096775 0.19283280806451614 0.6990176467741935 0.23186119838709676 0.6803921564516129 0.07886435322580646 0.6921568629032258 0.045741324193548386 0.7078431370967743 0.004731861290322581 0.7137254903225806 0 0.7176470580645161 0 0.7862745096774194
0 0.12302839193548387 0.5686274516129032 0.16403785483870967 0.5784313725806451 0.2807570983870968 0.5843137258064517 0.4132492112903226 0.6176470580645161 0.48895899032258067 0.6235294112903226 0.5520504725806452 0.6156862741935484 0.6293375387096775 0.5745098032258065 0.615141956451613 0.5627450983870967 0.4684542580645161 0.5274509806451613 0.4400630919354839 0.511764706451613 0.30126182903225807 0.509803920967742 0.26498422741935485 0.517647058064516 0.16246056774193549 0.517647058064516 0.12618296451612904 0.5274509806451613 0.11198738225806451 0.5568627451612903 0.12302839193548387 0.5686274516129032
0 0.26656151451612903 0.4333333338709678 0.3880126177419355 0.43725490161290326 0.4731861193548387 0.4313725483870968 0.4069400629032258 0.38235294193548386 0.35015772903225806 0.36470588225806455 0.25867507903225806 0.36470588225806455 0.21608832741935483 0.38627450967741933 0.2066246064516129 0.40588235322580646 0.17665615161290324 0.4137254903225806 0.19085173548387097 0.42549019677419353 0.26656151451612903 0.4333333338709678
0 0.20820189354838708 0.48431372580645166 0.2760252370967742 0.4882352935483871 0.33123028387096776 0.47843137258064516 0.3359621451612903 0.47058823548387096 0.30126182903225807 0.4647058822580645 0.19716088387096775 0.47254901935483873 0.19400630967741936 0.47843137258064516 0.20820189354838708 0.48431372580645166
0 0.27129337580645163 0.32549019677419355 0.3296529967741936 0.3235294112903226 0.3359621451612903 0.30980392096774195 0.32649842258064515 0.3 0.27129337580645163 0.2980392161290322 0.24447949516129033 0.30980392096774195 0.24290220806451612 0.31764705806451615 0.27129337580645163 0.32549019677419355
0 0.6054952677419355 0.2732784306451613 0.6987381709677419 0.2745098032258064 0.690851735483871 0.26078431451612905 0.3722397483870968 0.2647058822580645 0.32807570967741934 0.2980392161290322 0.41189116774193546 0.2723196080645161 0.6054952677419355 0.2732784306451613
0 0.3296529967741936 0.23529411774193548 0.35558359677419354 0.23300588225806454 0.4573990532258065 0.22917058870967744 0.5784984225806451 0.2339647064516129 0.6324921129032258 0.2509803919354839 0.6671924290322581 0.23921568548387098 0.6186072548387097 0.22054117580645163 0.6750788645161291 0.19411764677419355 0.6813880129032258 0.19019607903225808 0.6735015774193549 0.1764705887096774 0.6340694 0.1686274516129032 0.5792697161290322 0.2128686274193548 0.49750946451612904 0.2128686274193548 0.4072634064516129 0.2032803919354839 0.33753943225806454 0.1843137258064516 0.32492113548387097 0.2274509806451613 0.3296529967741936 0.23529411774193548
0 0.3233438483870968 0.12352941129032258 0.5445599370967742 0.12177647096774194 0.5383895903225806 0.13807647096774192 0.48439589838709673 0.14191372580645162 0.4211466870967742 0.13232352903225805 0.3438485806451613 0.1450980387096774 0.3627760258064516 0.1490196080645161 0.5835962145161291 0.1529411758064516 0.6277602516129033 0.15098039193548388 0.6561514193548387 0.13921568548387098 0.6545741322580645 0.1274509806451613 0.6403785483870967 0.11568627419354838 0.5883280758064515 0.1078431370967742 0.35646687741935484 0.10196078387096774 0.30126182903225807 0.1078431370967742 0.30599369032258067 0.12156862741935485 0.3233438483870968 0.12352941129032258
0 0.3643533129032258 0.0921568629032258 0.4952681387096774 0.0921568629032258 0.6104100951612903 0.0882352935483871 0.626182964516129 0.0843137258064516 0.6309148258064516 0.07450980322580646 0.6041009467741936 0.05686274516129033 0.37066246129032254 0.06862745161290322 0.33280757096774194 0.07843137258064516 0.33280757096774194 0.0843137258064516 0.3643533129032258 0.0921568629032258
0 0.5141955838709678 0.058823529032258064 0.5094637225806451 0.041176470967741935 0.4700315451612903 0.03529411774193548 0.39432176612903225 0.03529411774193548 0.37381703548387096 0.04901960806451613 0.3848580435483871 0.060784314516129034 0.5141955838709678 0.058823529032258064
0 0.4305993693548387 0.03333333387096774 0.4936908516129032 0.029411764516129032 0.4936908516129032 0.02156862741935484 0.4826498419354839 0.01568627419354839 0.42744479516129036 0.01764705806451613 0.42271293387096776 0.02156862741935484 0.4305993693548387 0.03333333387096774