0 0.3911290322580645 0.34274193548387094 0.06774193548387097 0.013709677419354839
0 0.6064516129032258 0.5153225806451613 0.09435483870967742 0.03870967741935484
0 0.9548387096774194 0.5209677419354839 0.08629032258064516 0.07258064516129033
0 0.5645161290322581 0.3185483870967742 0.037096774193548385 0.05
0 0.9709677419354839 0.6169354838709677 0.05806451612903226 0.07338709677419354
0 0.20401854677419357 0.9944903580645161 0.24884080322580643 0.9504132225806452 0.3091190112903226 0.9366391177419355 0.36166924193548383 0.8980716258064516 0.3925811435483871 0.8539944903225807 0.3879443580645161 0.8236914596774194 0.40185471451612903 0.8126721758064516 0.4003091193548387 0.7906336080645161 0.4049459048387097 0.7878787870967742 0.3879443580645161 0.7713498629032258 0.38948995322580643 0.719008264516129 0.4374034 0.6887052338709678 0.44513137580645157 0.6611570241935484 0.4482225661290322 0.5702479338709677 0.43894899516129027 0.5537190080645161 0.3724884080645161 0.5564738290322581 0.29366305967741935 0.5977961435483871 0.2241112822580645 0.6721763080645161 0.2163833080645161 0.7327823693548386 0.2055641419354839 0.7493112951612904 0.1916537870967742 0.7603305790322581 0.17619783548387097 0.7520661161290323 0.15301390967741935 0.7741046838709678 0.10664605806451612 0.7906336080645161 0.0015455951612903225 0.8815427 0 0.9972451790322581 0.20401854677419357 0.9944903580645161
0 0.17619783548387097 0.5426997241935484 0.2751159193548387 0.5371900822580645 0.3029366306451613 0.5151515145161291 0.3075734161290323 0.4765840225806452 0.3400309112903226 0.45730027580645155 0.2874806806451613 0.4462809919354839 0.23493044838709679 0.48760330645161293 0.16846986129032257 0.5096418725806452 0.16692426612903224 0.5316804403225807 0.17619783548387097 0.5426997241935484
0 0.43894899516129027 0.46556473870967746 0.5023183919354839 0.46556473870967746 0.5363214838709678 0.4490358129032258 0.5316846983870968 0.4297520661290323 0.517774343548387 0.4159779612903226 0.4559505403225807 0.4214876032258065 0.4111282838709678 0.44352617096774194 0.40958268870967746 0.45730027580645155 0.43894899516129027 0.46556473870967746
0 0.5795981451612903 0.3719008258064516 0.5718701693548387 0.41873278225806454 0.5981452854838709 0.4325068870967742 0.622874806451613 0.4683195596774194 0.6476043274193548 0.4600550967741935 0.6445131370967742 0.43526170806451614 0.622874806451613 0.396694214516129 0.6197836161290323 0.37465564677419355 0.602782070967742 0.3719008258064516 0.5904173112903226 0.3471074387096774 0.5595054096774194 0.34986225967741935 0.5595054096774194 0.3636363629032258 0.5795981451612903 0.3719008258064516
0 0.707882535483871 0.5399449032258065 0.7604327661290323 0.55922865 0.7820710967741935 0.5977961435483871 0.7789799080645161 0.6170798903225807 0.7913446677419355 0.6473829193548387 0.8948995370967742 0.6666666661290322 0.9119010822580647 0.6666666661290322 0.9211746516129032 0.6501377403225806 0.9026275112903226 0.6225895322580646 0.8408037096774195 0.5812672177419355 0.8377125193548387 0.5674931129032258 0.7975270483870968 0.5316804403225807 0.7387944354838709 0.5041322306451613 0.70324575 0.5151515145161291 0.6955177741935484 0.5206611564516129 0.707882535483871 0.5399449032258065
0 0.7867078822580645 0.4242424241935484 0.8129829983870968 0.4242424241935484 0.8268933532258066 0.4132231403225807 0.7743431225806452 0.396694214516129 0.7697063370967743 0.4132231403225807 0.7867078822580645 0.4242424241935484
0 0.6970633693548387 0.3719008258064516 0.7171561048387096 0.3719008258064516 0.7326120548387096 0.35812672096774195 0.7125193193548387 0.3443526177419355 0.6877897983870968 0.3471074387096774 0.6846986096774194 0.35812672096774195 0.6970633693548387 0.3719008258064516