0 0.5471478467741936 0.8226950354838709 0.5518044241935484 0.8312056741935484 0.549476135483871 0.8624113467741935 0.5715948774193549 0.8822695032258063 0.6030267758064516 0.8851063822580645 0.6169965080645161 0.880851064516129 0.6647264258064516 0.9007092193548387 0.6996507564516129 0.9021276596774194 0.7345750870967742 0.8921985822580646 0.7613504080645161 0.8638297870967743 0.7648428403225807 0.8340425532258066 0.7613504080645161 0.8127659580645161 0.7485448193548386 0.794326241935484 0.7159487774193548 0.7730496451612903 0.6845168806451613 0.7758865241935484 0.6635622822580645 0.7645390064516129 0.6228172290322581 0.7602836887096773 0.5913853322580646 0.7659574467741935 0.5564610016129032 0.7985815596774194 0.5541327129032257 0.8156028370967742 0.5471478467741936 0.8226950354838709
0 0.6135040741935484 0.5333333338709678 0.7066356225806452 0.5304964532258064 0.7438882419354839 0.5177304967741936 0.7485448193548386 0.5106382983870968 0.7485448193548386 0.4921985822580645 0.7369033758064516 0.4780141838709677 0.677532014516129 0.4595744677419355 0.6298020951612904 0.45815602903225805 0.6006984870967742 0.46382978709677425 0.5762514548387097 0.4765957451612904 0.5669383 0.4921985822580645 0.5634458677419355 0.5134751774193548 0.6135040741935484 0.5333333338709678
0 0.39231664677419353 0.4269503548387097 0.41792782258064515 0.4326241129032258 0.4819557629032258 0.4198581564516129 0.49476134999999993 0.4056737580645161 0.4703143193548387 0.39574468064516133 0.44237485483870964 0.39574468064516133 0.42374854516129035 0.397163120967742 0.3958090806451613 0.4099290774193548 0.3876600693548387 0.4198581564516129 0.39231664677419353 0.4269503548387097
0 0.42724097741935485 0.3872340419354839 0.4621653080645161 0.3872340419354839 0.4912689177419355 0.37021276612903226 0.48894062903225805 0.3602836887096774 0.45401629838709684 0.3531914887096774 0.41792782258064515 0.3560283693548387 0.40279394677419356 0.3645390064516129 0.40162980161290324 0.37730496451612905 0.42724097741935485 0.3872340419354839
0 0.3573923161290323 0.34609929032258063 0.39231664677419353 0.3475177306451613 0.41909196774193547 0.3432624112903226 0.4318975548387097 0.33333333387096775 0.4318975548387097 0.326241135483871 0.39813736935483873 0.31914893548387097 0.35157159516129033 0.33049645322580645 0.3492433064516129 0.3404255322580645 0.3573923161290323 0.34609929032258063
0 0.33876600645161287 0.3872340419354839 0.35972060483870966 0.3787234048387097 0.36088475000000003 0.3716312064516129 0.35622817258064515 0.36595744677419356 0.33410942903225804 0.3645390064516129 0.3096623983870968 0.3758865241935484 0.31431897580645163 0.3872340419354839 0.33876600645161287 0.3872340419354839
0 0.7147846338709677 0.41418439677419355 0.7904540161290322 0.41276595806451616 0.8253783467741935 0.4042553193548387 0.8358556467741936 0.39574468064516133 0.8346915016129033 0.3872340419354839 0.8242142032258065 0.3787234048387097 0.7811408612903227 0.37021276612903226 0.7043073338709678 0.37304964516129036 0.6763678693548387 0.38156028387096774 0.6763678693548387 0.4 0.7147846338709677 0.41418439677419355
0 0.5622817225806451 0.3758865241935484 0.6041909193548387 0.3801418435483871 0.6519208387096774 0.3687943258064516 0.6996507564516129 0.34893617096774193 0.705471479032258 0.3404255322580645 0.6309662403225806 0.33475177258064515 0.5820721774193548 0.34184397096774194 0.5564610016129032 0.3560283693548387 0.5541327129032257 0.3687943258064516 0.5622817225806451 0.3758865241935484
0 0.5180442370967742 0.3319148935483871 0.5506402790322581 0.33049645322580645 0.5681024451612904 0.3205673758064516 0.5634458677419355 0.3120567370967742 0.5436554129032258 0.30921985806451613 0.5168800935483872 0.3106382983870968 0.5087310822580645 0.31631205645161287 0.5064027935483871 0.3248226951612903 0.5180442370967742 0.3319148935483871
0 0.42258439999999997 0.2836879435483871 0.45401629838709684 0.2879432629032258 0.4726426080645161 0.28226950322580646 0.48894062903225805 0.2666666661290323 0.4796274741935484 0.25815602903225804 0.4563445870967742 0.25815602903225804 0.4202561112903226 0.27517730483870967 0.41792782258064515 0.2794326241935484 0.42258439999999997 0.2836879435483871
0 0.48311990645161285 0.24397163064516128 0.5238649596774193 0.24680851129032258 0.5669383 0.2354609935483871 0.5388649596774193 0.2336382983870968 0.5143701983870967 0.22255319193548387 0.48079161774193546 0.23404255322580644 0.4784633290322581 0.24113475161290324 0.48311990645161285 0.24397163064516128
0 0.633294529032258 0.3205673758064516 0.6600698483870968 0.31914893548387097 0.6752037258064516 0.30921985806451613 0.6717112919354838 0.3021276596774194 0.6530849822580646 0.2992907806451613 0.6344586725806451 0.2992907806451613 0.6204889403225806 0.3063829790322581 0.6228172290322581 0.31773049677419357 0.633294529032258 0.3205673758064516
0 0.6612339935483871 0.2964539 0.7101280564516129 0.29787234032258064 0.727590220967742 0.2950354612903226 0.739231664516129 0.28652482258064516 0.7101280564516129 0.273758864516129 0.6682188596774195 0.273758864516129 0.6461001161290322 0.280851064516129 0.6449359725806452 0.2907801419354839 0.6612339935483871 0.2964539
0 0.7171129225806452 0.32340425483870966 0.7613504080645161 0.3319148935483871 0.8032596048387097 0.33049645322580645 0.827706635483871 0.31914893548387097 0.8253783467741935 0.3120567370967742 0.8137369032258065 0.3063829790322581 0.7869615838709677 0.3021276596774194 0.7124563451612903 0.3106382983870968 0.7101280564516129 0.31773049677419357 0.7171129225806452 0.32340425483870966
0 0.6030267758064516 0.2680851064516129 0.6321303838709678 0.2723404258064516 0.6554132709677419 0.2723404258064516 0.6891734580645161 0.25815602903225804 0.6845168806451613 0.24964539032258065 0.6414435387096774 0.24680851129032258 0.6065192080645161 0.2553191483870968 0.6018626306451613 0.26099290806451614 0.6030267758064516 0.2680851064516129
0 0.6682188596774195 0.24397163064516128 0.6589057048387097 0.23404255322580644 0.6181606516129032 0.2354609935483871 0.6228172290322581 0.24539007096774193 0.6682188596774195 0.24397163064516128
0 0.6076833532258065 0.23404255322580644 0.6530849822580646 0.22978723387096775 0.6367869612903225 0.2212765951612903 0.5960419096774193 0.2241134758064516 0.5948777645161291 0.2283687935483871 0.6076833532258065 0.23404255322580644
0 0.5937136209677419 0.21134751774193547 0.6274738064516129 0.20992907741935482 0.6402793951612904 0.20425531935483873 0.6181606516129032 0.19716312096774194 0.5832363209677419 0.2 0.5820721774193548 0.20851063870967743 0.5937136209677419 0.21134751774193547
0 0.7962747387096775 0.22269503548387096 0.8381839354838709 0.21560283709677416 0.8381839354838709 0.21134751774193547 0.8149010483870968 0.20567375806451613 0.7625145516129033 0.20992907741935482 0.7648428403225807 0.2170212758064516 0.7962747387096775 0.22269503548387096
0 0.6996507564516129 0.2312056741935484 0.7357392322580645 0.22695035483870965 0.7462165306451612 0.2198581564516129 0.7462165306451612 0.21560283709677416 0.7182770661290322 0.20992907741935482 0.6810244467741936 0.21560283709677416 0.683352735483871 0.2241134758064516 0.6996507564516129 0.2312056741935484
0 0.7600779983870968 0.20549503548387096 0.7753201403225807 0.20141844032258066 0.7636786967741935 0.19007092258064515 0.7346216532258064 0.19386241129032258 0.693830035483871 0.19007092258064515 0.7109825370967742 0.2021716306451613 0.7600779983870968 0.20549503548387096
0 0.7123457516129031 0.17115319193548387 0.7566938306451613 0.16879432580645162 0.7543655419354839 0.16170212741935483 0.7357392322580645 0.16028368870967744 0.7089639112903225 0.16028368870967744 0.6926658903225806 0.1673758870967742 0.6926658903225806 0.17163120645161292 0.7123457516129031 0.17115319193548387