0 0.3828125 0.7569767435483871 0.38046875 0.7674418596774194 0.3859375 0.7808139532258065 0.38671875 0.7976744193548386 0.40625 0.8313953483870967 0.4171875 0.8430232564516128 0.42734375 0.8465116274193549 0.55234375 0.9360465112903226 0.56484375 0.9569767435483872 0.6078125 0.9674418596774194 0.65546875 0.9651162790322579 0.68125 0.9744186048387097 0.7078125 0.9627906983870969 0.73359375 0.9290697677419354 0.734375 0.9081395354838709 0.73984375 0.891860464516129 0.7375 0.8837209306451612 0.7265625 0.8546511629032258 0.70859375 0.8267441854838711 0.6921875 0.8104651161290323 0.5921875 0.7686046516129031 0.54765625 0.7627906983870968 0.41953125 0.7197674419354838 0.41015625 0.7255813951612903 0.40390625 0.7209302322580645 0.39375 0.7232558145161291 0.38515625 0.7313953483870969 0.384375 0.741860464516129 0.38046875 0.7441860467741935 0.3796875 0.7534883725806452 0.3828125 0.7569767435483871
0 0.37265625 0.6604651161290322 0.39765625 0.6488372096774193 0.41015625 0.6383720935483871 0.41640625 0.6267441854838709 0.4125 0.6186046516129032 0.39375 0.6093023258064516 0.37265625 0.6151162790322581 0.3640625 0.6244186048387097 0.36484375 0.6581395354838709 0.37265625 0.6604651161290322
0 0.72578125 0.7093023258064517 0.74765625 0.7197674419354838 0.778125 0.7290697677419354 0.79453125 0.7209302322580645 0.78828125 0.6953488370967742 0.77109375 0.6755813951612902 0.75546875 0.6662790693548387 0.73671875 0.6686046516129032 0.7171875 0.6906976741935483 0.7171875 0.6988372096774194 0.72578125 0.7093023258064517
0 0.7875 0.7953488370967742 0.8140625 0.808139535483871 0.8234375 0.8046511629032258 0.8203125 0.7895348838709677 0.79453125 0.7558139532258065 0.7765625 0.7558139532258065 0.771875 0.7686046516129031 0.771875 0.7767441854838709 0.7875 0.7953488370967742
0 0.8125 0.6116279064516129 0.82578125 0.6290697677419355 0.85 0.6325581403225806 0.8609375 0.6232558145161291 0.85703125 0.6104651161290323 0.84140625 0.5953488370967742 0.8109375 0.5953488370967742 0.8078125 0.5988372096774194 0.8125 0.6116279064516129
0 0.72109375 0.55 0.740625 0.5511627903225806 0.74296875 0.5395348838709677 0.73671875 0.5174418596774194 0.7046875 0.5139534887096774 0.7078125 0.534883720967742 0.72109375 0.55
0 0.75859375 0.47441860483870973 0.78203125 0.4976744193548387 0.79609375 0.5023255806451613 0.83203125 0.5011627903225807 0.83515625 0.4941860467741936 0.82109375 0.47441860483870973 0.7984375 0.45930232580645164 0.7625 0.458139535483871 0.75859375 0.46511627903225805 0.75859375 0.47441860483870973
0 0.671875 0.458139535483871 0.6875 0.46627906935483876 0.7421875 0.48023255806451615 0.75234375 0.4755813951612903 0.75625 0.4674418596774194 0.74765625 0.4534883725806452 0.69453125 0.4290697677419355 0.65859375 0.4348837209677419 0.65625 0.4430232564516129 0.671875 0.458139535483871
0 0.540625 0.37325581451612905 0.57890625 0.38023255806451617 0.6296875 0.3790697677419355 0.64765625 0.3860465112903226 0.72734375 0.37558139516129035 0.7375 0.3720930225806452 0.740625 0.3639534887096774 0.7390625 0.3569767435483871 0.728125 0.3465116274193548 0.71171875 0.35465116290322585 0.6828125 0.3430232564516129 0.64609375 0.341860464516129 0.6265625 0.3337209306451613 0.61875 0.33953488387096775 0.5921875 0.341860464516129 0.5645835935483872 0.35348837258064514 0.5484375 0.35348837258064514 0.5234375 0.34534883709677416 0.50546875 0.3465116274193548 0.50625 0.35348837258064514 0.540625 0.37325581451612905
0 0.36171875 0.3255813951612903 0.42265625 0.3383720935483871 0.45 0.33720930161290325 0.46640625 0.32674418548387096 0.44140625 0.3162790693548387 0.37421875 0.30581395322580646 0.334375 0.30581395322580646 0.328125 0.30116279032258064 0.31015625 0.30581395322580646 0.3 0.31860465161290324 0.30234375 0.32441860483870966 0.36171875 0.3255813951612903
0 0.32734375 0.43372093064516126 0.36015625 0.4290697677419355 0.36640625 0.42325581451612904 0.36640625 0.41860465161290317 0.3609375 0.40581395322580643 0.3359375 0.4069767435483871 0.32578125 0.41046511612903225 0.31640625 0.42325581451612904 0.31328125 0.43372093064516126 0.32734375 0.43372093064516126
0 0.434375 0.29767441935483874 0.48671875 0.28953488387096776 0.528125 0.291860464516129 0.55625 0.2860465112903226 0.56484375 0.2709302322580645 0.55703125 0.27325581451612907 0.5453125 0.26279069838709673 0.50859375 0.26395348870967744 0.4984375 0.2709302322580645 0.4678820306451613 0.26615 0.4288195306451613 0.26485814032258065 0.4046875 0.27790697741935483 0.38515625 0.2837209306451613 0.38359375 0.2860465112903226 0.434375 0.29767441935483874
0 0 0.9988372096774194 0.06500781290322581 0.9988372096774194 0.09550546935483871 0.8576627903225807 0.11556953064516129 0.813466279032258 0.0850718758064516 0.8301895354838711 0.05778437580645161 0.8361616274193548 0.04375 0.8209302322580645 0.06875 0.7825581403225806 0.06953125 0.7720930225806452 0.07734375 0.7639534887096774 0.084375 0.7639534887096774 0.09609375 0.773255814516129 0.1421875 0.7593023258064516 0.16171875 0.7453488370967742 0.171875 0.726744185483871 0.18515625 0.7139534887096775 0.2015625 0.684883720967742 0.2015625 0.6802325580645161 0.19453125 0.6720930225806452 0.13804140645161292 0.6832639532258065 0.171875 0.6511627903225806 0.2046875 0.6255813951612903 0.23203125 0.6116279064516129 0.2390625 0.5988372096774194 0.23203125 0.5860465112903226 0.21953125 0.576744185483871 0.18671875 0.5069767435483871 0.178125 0.5 0.1609375 0.5023255806451613 0.1125 0.5325581403225806 0.06171875 0.5872093016129033 0.055377343548387095 0.5984534887096774 0.0730335935483871 0.6115930225806452 0.0008023435483870968 0.6856523258064516 0.029695312903225805 0.6928197677419354 0.028892187096774196 0.7095430225806452 0.1011234370967742 0.7083488370967742 0 0.7991313951612903 0 0.9988372096774194
0 0.478125 0.5639534887096774 0.496875 0.5686046516129032 0.5390625 0.5686046516129032 0.56015625 0.5639534887096774 0.5765625 0.5593023258064517 0.5875 0.5465116274193548 0.584375 0.5360465112903225 0.5640625 0.5209302322580646 0.53046875 0.5127906983870968 0.490625 0.5197674419354839 0.46484375 0.5360465112903225 0.46484375 0.5453488370967742 0.478125 0.5639534887096774