0 0.2696969693548387 0.6566666661290322 0.2818181822580645 0.6733333338709677 0.3181818177419355 0.6866666661290323 0.4 0.6866666661290323 0.4242424241935484 0.64 0.415151514516129 0.61 0.3893939387096774 0.5966666661290323 0.31666666612903227 0.59 0.2757575758064516 0.61 0.2666666661290323 0.63 0.2696969693548387 0.6566666661290322
0 0.46666666612903224 0.52 0.5090909096774193 0.52 0.5303030306451613 0.5033333338709677 0.5242424241935484 0.4833333338709678 0.5015151516129032 0.46666666612903224 0.44393939354838713 0.4733333338709677 0.44393939354838713 0.5 0.46666666612903224 0.52
0 0.2818181822580645 0.4633333338709677 0.3136363629032258 0.4266666661290323 0.3181818177419355 0.40666666612903224 0.3090909096774193 0.4 0.2742424241935484 0.4233333338709677 0.27121212096774194 0.44 0.2818181822580645 0.4633333338709677
0 0.3515151516129032 0.39333333387096775 0.3939393935483871 0.39333333387096775 0.4075757580645161 0.38 0.4045454548387097 0.36666666612903226 0.39090909032258064 0.36 0.3439393935483871 0.37333333387096773 0.3424242419354839 0.38333333387096774 0.3515151516129032 0.39333333387096775
0 0.45 0.36666666612903226 0.5060606064516129 0.3633333338709678 0.484848485483871 0.34 0.4378787870967742 0.34 0.4333333338709678 0.3533333338709677 0.45 0.36666666612903226
0 0.5636363629032258 0.34666666612903224 0.6090909096774194 0.34333333387096776 0.5515151516129032 0.32333333387096774 0.5484848483870968 0.33666666612903223 0.5636363629032258 0.34666666612903224
0 0.55 0.45333333387096775 0.615151514516129 0.45999999999999996 0.6424242419354839 0.45 0.6393939387096774 0.4333333338709678 0.615151514516129 0.42 0.5318181822580645 0.41666666612903225 0.5303030306451613 0.43666666612903227 0.55 0.45333333387096775
0 0.565151514516129 0.6233333338709677 0.6166666661290322 0.6566666661290322 0.6590909096774193 0.65 0.7 0.5966666661290323 0.6984848483870968 0.57 0.6863636370967742 0.5533333338709677 0.6378787870967741 0.5333333338709678 0.5636363629032258 0.53 0.5409090903225806 0.5533333338709677 0.5439393935483872 0.5866666661290323 0.565151514516129 0.6233333338709677
0 0.7090909096774194 0.5233333338709677 0.7303030306451612 0.54 0.7681818177419354 0.55 0.778787879032258 0.53 0.7712121209677419 0.5066666661290322 0.7606060612903226 0.5 0.7030303032258064 0.49 0.7 0.5033333338709677 0.7090909096774194 0.5233333338709677
0 0.4742424241935484 0.9633333338709678 0.4727272725806452 0.9933333338709678 0.6378787870967741 0.9966666661290322 0.6303030306451612 0.9766666661290322 0.6287878790322581 0.9366666661290323 0.6136363629032258 0.93 0.6136363629032258 0.9133333338709677 0.578787879032258 0.88 0.5318181822580645 0.8666666661290323 0.47727272741935484 0.8933333338709678 0.46666666612903224 0.9133333338709677 0.465151514516129 0.9466666661290322 0.4742424241935484 0.9633333338709678
0 0.7196969693548387 0.32 0.7515151516129032 0.31666666612903227 0.7227272725806452 0.29000000000000004 0.7 0.29000000000000004 0.6954545451612903 0.3 0.7196969693548387 0.32
0 0.6772727274193548 0.34333333387096776 0.6878787870967742 0.3533333338709677 0.7136363629032259 0.3533333338709677 0.7181818177419355 0.35 0.6984848483870968 0.33666666612903223 0.6772727274193548 0.33666666612903223 0.6757575758064516 0.34 0.6772727274193548 0.34333333387096776
0 0.634848485483871 0.29000000000000004 0.6409090903225806 0.29000000000000004 0.6424242419354839 0.29333333387096777 0.6545454548387096 0.29333333387096777 0.6590909096774193 0.28666666612903224 0.6590909096774193 0.2833333338709677 0.6560606064516129 0.27666666612903223 0.65 0.27666666612903223 0.6484848483870967 0.27333333387096775 0.6287878790322581 0.27333333387096775 0.6272727274193548 0.27666666612903223 0.634848485483871 0.29000000000000004
0 0.5681818177419354 0.23666666612903223 0.6015151516129033 0.24666666612903226 0.6818181822580646 0.24333333387096776 0.671212120967742 0.23333333387096772 0.6393939387096774 0.22666666612903225 0.5681818177419354 0.22333333387096774 0.5666666661290323 0.22666666612903225 0.5681818177419354 0.23666666612903223
0 0.4893939387096774 0.20666666612903226 0.5424242419354839 0.21666666612903226 0.5590909096774194 0.21666666612903226 0.5590909096774194 0.21 0.5560606064516128 0.20666666612903226 0.5424242419354839 0.20333333387096775 0.5409090903225806 0.2 0.5121212129032258 0.19333333387096777 0.4833333338709678 0.19333333387096777 0.4803030306451613 0.2 0.4893939387096774 0.20666666612903226
0 0.5530303032258064 0.16666666612903225 0.5621212129032258 0.17 0.5636363629032258 0.17333333387096775 0.6030303032258064 0.18 0.6045454548387097 0.17666666612903226 0.6181818177419355 0.17666666612903226 0.6166666661290322 0.17 0.6121212129032259 0.16666666612903225 0.6060606064516129 0.16666666612903225 0.6045454548387097 0.16333333387096774 0.5742424241935484 0.15666666612903224 0.5530303032258064 0.15666666612903224 0.5515151516129032 0.16 0.5530303032258064 0.16666666612903225
0 0.4363636370967742 0.12333333387096775 0.46818181774193546 0.13333333387096774 0.4757575758064516 0.13333333387096774 0.47727272741935484 0.13666666612903225 0.4863636370967742 0.13666666612903225 0.4878787870967742 0.13333333387096774 0.48181818225806455 0.13333333387096774 0.47727272741935484 0.12333333387096775 0.47727272741935484 0.12000000000000001 0.46666666612903224 0.11666666612903225 0.45606060645161284 0.10333333387096773 0.43181818225806456 0.10333333387096773 0.428787879032258 0.10666666612903225 0.42727272741935485 0.11333333387096774 0.4363636370967742 0.12333333387096775
0 0.334848485483871 0.09666666612903226 0.33939393870967743 0.09666666612903226 0.34090909032258065 0.1 0.3484848483870968 0.1 0.35 0.10333333387096773 0.3560606064516129 0.10333333387096773 0.35757575806451614 0.1 0.3636363629032258 0.1 0.36515151451612904 0.09666666612903226 0.36515151451612904 0.09 0.3621212129032258 0.08666666612903226 0.33181818225806453 0.08666666612903226 0.3303030306451613 0.09 0.334848485483871 0.09666666612903226
0 0.49545454516129034 0.09333333387096775 0.5106060612903226 0.09333333387096775 0.5121212129032258 0.09666666612903226 0.5181818177419354 0.09666666612903226 0.534848485483871 0.09333333387096775 0.5393939387096774 0.09 0.5378787870967742 0.08333333387096774 0.534848485483871 0.08 0.5303030306451613 0.08 0.528787879032258 0.07666666612903225 0.5075757580645162 0.07333333387096774 0.49545454516129034 0.07333333387096774 0.49545454516129034 0.09333333387096775
0 0.5045454548387096 0.11 0.5151515145161291 0.11 0.5166666661290322 0.11333333387096774 0.5636363629032258 0.12000000000000001 0.5681818177419354 0.12000000000000001 0.5742424241935484 0.11333333387096774 0.5742424241935484 0.11 0.5484848483870968 0.10333333387096773 0.5015151516129032 0.1 0.5 0.10333333387096773 0.5045454548387096 0.11
0 0.5681818177419354 0.10333333387096773 0.5696969693548387 0.10666666612903225 0.5742424241935484 0.10666666612903225 0.5757575758064516 0.11 0.6045454548387097 0.11 0.6060606064516129 0.10666666612903225 0.6045454548387097 0.10333333387096773 0.5984848483870968 0.10333333387096773 0.5969696967741935 0.1 0.5681818177419354 0.1 0.5681818177419354 0.10333333387096773
0 0.5606060612903226 0.08333333387096774 0.5666666661290323 0.08333333387096774 0.5681818177419354 0.08666666612903226 0.584848485483871 0.08666666612903226 0.5878787870967742 0.08333333387096774 0.5833333338709678 0.07666666612903225 0.5772727274193549 0.07666666612903225 0.5757575758064516 0.07333333387096774 0.5590909096774194 0.07333333387096774 0.5560606064516128 0.07666666612903225 0.5606060612903226 0.08333333387096774
0 0.6969696967741936 0.22 0.7015151516129032 0.22 0.7181818177419355 0.23666666612903223 0.7333333338709678 0.23666666612903223 0.7348484854838709 0.23333333387096772 0.7348484854838709 0.22 0.7363636370967742 0.21333333387096776 0.7318181822580646 0.20666666612903226 0.7257575758064516 0.20666666612903226 0.7166666661290322 0.19666666612903227 0.7090909096774194 0.19666666612903227 0.7045454548387097 0.20333333387096775 0.6984848483870968 0.20333333387096775 0.6954545451612903 0.20666666612903226 0.6939393935483872 0.21333333387096776 0.6969696967741936 0.22