0 0.5443548387096774 0.3233870967741935 0.13306451612903225 0.020161290322580645
0 0.48971193387096773 0.5393939387096774 0.6090534983870968 0.5393939387096774 0.6954732516129033 0.5272727274193548 0.7078189306451613 0.5 0.6255144032258065 0.4727272725806452 0.5432098758064516 0.46666666612903224 0.46090535000000005 0.4757575758064516 0.41152263387096777 0.5090909096774193 0.41563785967741934 0.5242424241935484 0.48971193387096773 0.5393939387096774
0 0.2181069951612903 0.44242424193548385 0.27983539032258065 0.4333333338709678 0.3086419758064516 0.415151514516129 0.22222222258064517 0.4060606064516129 0.1358024693548387 0.42727272741935485 0.13991769516129032 0.4393939387096774 0.2181069951612903 0.44242424193548385
0 0.18518518548387097 0.4 0.25925925967741936 0.4 0.2962962967741935 0.3878787870967742 0.29218106935483873 0.3727272725806452 0.25925925967741936 0.36666666612903226 0.15637860161290323 0.3757575758064516 0.15637860161290323 0.39090909032258064 0.18518518548387097 0.4
0 0.09465020645161291 0.3636363629032258 0.1728395064516129 0.3606060612903226 0.20164609032258066 0.3454545451612903 0.16872427903225806 0.33333333387096775 0.06995884838709678 0.3424242419354839 0.05761316935483871 0.3515151516129032 0.09465020645161291 0.3636363629032258
0 0.35802469193548386 0.3484848483870968 0.4197530870967742 0.33333333387096775 0.4032921806451613 0.3242424241935484 0.3251028806451613 0.3303030306451613 0.3251028806451613 0.3424242419354839 0.35802469193548386 0.3484848483870968
0 0.4197530870967742 0.39090909032258064 0.514403291935484 0.39090909032258064 0.6378600822580646 0.3545454548387097 0.5226337451612904 0.3484848483870968 0.4032921806451613 0.3696969693548387 0.3991769548387097 0.3818181822580645 0.4197530870967742 0.39090909032258064
0 0.6584362145161291 0.42727272741935485 0.7818930048387097 0.4242424241935484 0.8436213983870967 0.40909090967741935 0.8271604935483872 0.39090909032258064 0.7695473258064517 0.38484848548387096 0.5925925919354839 0.3939393935483871 0.5925925919354839 0.4121212129032258 0.6584362145161291 0.42727272741935485
0 0.7201646096774194 0.3454545451612903 0.8271604935483872 0.3363636370967742 0.814814814516129 0.3242424241935484 0.7613168725806452 0.3181818177419355 0.6543209870967742 0.3242424241935484 0.6584362145161291 0.33939393870967743 0.7201646096774194 0.3454545451612903
0 0.5226337451612904 0.29090909032258067 0.6131687241935484 0.2787878790322581 0.5514403290322581 0.2575757580645161 0.4814814822580646 0.27272727258064516 0.4732510290322581 0.284848485483871 0.5226337451612904 0.29090909032258067
0 0.5720164612903226 0.3121212129032258 0.6913580241935484 0.30303030322580643 0.6502057612903226 0.29090909032258067 0.5473251032258064 0.29696969677419355 0.5473251032258064 0.3090909096774193 0.5720164612903226 0.3121212129032258
0 0.27983539032258065 0.2636363629032258 0.39094650161290323 0.2636363629032258 0.43209876612903225 0.2454545451612903 0.2674897112903226 0.24848484838709678 0.263374485483871 0.2606060612903226 0.27983539032258065 0.2636363629032258
0 0.5679012338709678 0.2515151516129032 0.5679012338709678 0.2272727274193548 0.514403291935484 0.21515151451612902 0.46502057580645156 0.2121212129032258 0.42798353870967737 0.2242424241935484 0.4362139919354839 0.2454545451612903 0.5679012338709678 0.2515151516129032
0 0.6502057612903226 0.24848484838709678 0.8477366258064517 0.2303030306451613 0.7478971193548387 0.22529696935483873 0.6960082306451613 0.22529696935483873 0.5802469129032258 0.23333333387096772 0.6502057612903226 0.24848484838709678
0 0.6625514403225807 0.20303030322580645 0.7283950612903226 0.18484848548387095 0.7160493822580646 0.16969696935483872 0.6378600822580646 0.1757575758064516 0.629629629032258 0.19090909032258063 0.6625514403225807 0.20303030322580645
0 0.6255144032258065 0.1878787870967742 0.6584362145161291 0.1636363629032258 0.6378600822580646 0.1424242419354839 0.5843621403225806 0.13939393870967742 0.514403291935484 0.16666666612903225 0.4938271612903226 0.1818181822580645 0.6255144032258065 0.1878787870967742
0 0.3721604935483871 0.7760212129032258 0.35247736612903224 0.8234515145161291 0.38826337419354834 0.8787878790322581 0.4974074080645161 0.898551514516129 0.602971193548387 0.9248999999999999 0.7264279838709677 0.8945969693548387 0.8123086419354838 0.8511212129032258 0.8123086419354838 0.7944666661290322 0.7371604935483871 0.7562575758064517 0.5814979419354839 0.7325424241935484 0.4508847741935484 0.7391303032258064 0.3721604935483871 0.7760212129032258