0 0.622874806451613 0.7252475241935483 0.6383307580645161 0.7475247532258065 0.6630602774193548 0.7549504951612903 0.6877897983870968 0.8069306935483871 0.7063369403225807 0.829207920967742 0.7557959822580644 0.8490099016129031 0.8408037096774195 0.8465346532258065 0.8902627516129031 0.8341584161290323 0.8887171564516129 0.8193069306451614 0.8377125193548387 0.7202970290322581 0.8052550225806451 0.6732673274193549 0.7681607419354839 0.6460396032258064 0.7403400306451613 0.6336633661290323 0.6336939725806452 0.6311881193548388 0.6213292112903226 0.6410891096774194 0.6151468322580645 0.6881188112903226 0.622874806451613 0.7252475241935483
0 0.6769706338709677 0.9975247532258064 0.6816074193548387 0.9826732677419355 0.6769706338709677 0.9133663370967743 0.6491499225806452 0.8886138612903226 0.6398763516129032 0.8539603967741937 0.6398763516129032 0.8242574258064516 0.6151468322580645 0.7698019806451613 0.5888717161290322 0.7524752467741935 0.5687789806451613 0.75 0.5625966 0.7673267322580645 0.5270479129032258 0.7698019806451613 0.5193199387096774 0.7920792080645161 0.5224111290322581 0.8094059403225806 0.5054095822580645 0.8440594064516128 0.4914992274193548 0.8415841580645163 0.48222565645161297 0.8217821774193549 0.4621329209677419 0.8168316838709678 0.44049459032258065 0.863861385483871 0.4111282838709678 0.9975247532258064 0.6769706338709677 0.9975247532258064
0 0.8655332306451612 0.9975247532258064 0.9273570322580645 0.9975247532258064 0.9474497677419355 0.9727722774193549 0.9366306032258064 0.9529702967741935 0.9366306032258064 0.9381188112903225 0.899536320967742 0.9059405935483872 0.850077279032258 0.9084158419354837 0.8408037096774195 0.9183168322580646 0.8438949 0.9554455451612902 0.8655332306451612 0.9975247532258064
0 0 0.9975247532258064 0.052550232258064516 0.9975247532258064 0.0602782064516129 0.9900990096774194 0.06336939677419355 0.9975247532258064 0.11746522419354839 0.9975247532258064 0.14992272096774195 0.9801980193548386 0.15919629032258065 0.9331683161290322 0.15919629032258065 0.8514851483870968 0.1700154564516129 0.8391089112903226 0.17310664677419355 0.8217821774193549 0.15301390967741935 0.7227722774193548 0.13137557903225808 0.7153465338709678 0 0.7178217822580645 0 0.9975247532258064
0 0.17310664677419355 0.6509900983870968 0.22256568709677418 0.6658415838709677 0.2472952080645161 0.6633663370967742 0.2704791338709678 0.6410891096774194 0.25502318387096773 0.6163366338709677 0.18238021612903224 0.613861385483871 0.16537867096774192 0.628712870967742 0.16383307580645162 0.6386138612903225 0.17310664677419355 0.6509900983870968
0 0 0.6509900983870968 0.04636785161290322 0.6460396032258064 0.06955177741935484 0.6089108903225806 0.0602782064516129 0.5965346532258065 0.040185470967741936 0.5990099016129032 0 0.613861385483871 0 0.6509900983870968
0 0.0803709435483871 0.5420792080645161 0.10510046290322582 0.5396039596774194 0.12210200967741934 0.5693069306451614 0.14837712580645163 0.5717821774193549 0.21947449838709676 0.5420792080645161 0.2241112822580645 0.5321782177419355 0.21947449838709676 0.5049504951612903 0.24111282903225809 0.4900990096774193 0.23493044838709679 0.4826732677419355 0.15146831451612902 0.48514851451612906 0.12055641451612904 0.49257425806451616 0.06955177741935484 0.5247524758064517 0.06800618225806451 0.5321782177419355 0.0803709435483871 0.5420792080645161
0 0.1423601241935484 0.36974752419354834 0.16293972258064515 0.37020049516129033 0.2055641419354839 0.3564356435483871 0.21947449838709676 0.33168316774193546 0.18392581129032257 0.32673267258064514 0.15146831451612902 0.3415841580645161 0.11437403387096774 0.3787128709677419 0.0803709435483871 0.3886138612903226 0.09500154516129032 0.40902475322580645 0.11811746451612903 0.40360643548387093 0.1423601241935484 0.36974752419354834
0 0.21947449838709676 0.4405940596774194 0.24884080322580643 0.43564356451612907 0.2704791338709678 0.4207920790322581 0.26275115967741935 0.41089108870967744 0.21947449838709676 0.41089108870967744 0.19319938225806452 0.4257425741935484 0.19629057258064517 0.43564356451612907 0.21947449838709676 0.4405940596774194
0 0.2534775887096774 0.3811881193548387 0.29984544032258065 0.3638613854838709 0.29057187096774195 0.3415841580645161 0.24574961290322578 0.3613861387096774 0.24111282903225809 0.3737623758064516 0.2534775887096774 0.3811881193548387
0 0.32302936612903227 0.32673267258064514 0.3523956725806452 0.3118811887096774 0.34466769677419357 0.28465346612903225 0.3091190112903226 0.28217821774193547 0.29675425 0.29207920806451615 0.29520865483870967 0.32178217741935483 0.32302936612903227 0.32673267258064514
0 0.3199381758064516 0.48514851451612906 0.3523956725806452 0.46782178225806453 0.35703245806451617 0.45049505 0.3338485322580645 0.4306930693548387 0.3261205564516129 0.4331683161290322 0.3137557967741935 0.46534653387096775 0.3122102016129032 0.4826732677419355 0.3199381758064516 0.48514851451612906
0 0.39103554838709675 0.3762376241935484 0.3941267387096774 0.3688118806451613 0.3879443580645161 0.3613861387096774 0.36166924193548383 0.36633663387096776 0.36012364838709676 0.3762376241935484 0.39103554838709675 0.3762376241935484
0 0.43894899516129027 0.4306930693548387 0.4744976822580645 0.4059405935483871 0.45904173064516124 0.39851485161290323 0.40958268870967746 0.41089108870967744 0.40803709354838713 0.4257425741935484 0.43894899516129027 0.4306930693548387
0 0.46986089677419357 0.46534653387096775 0.4667697064516129 0.4529702967741936 0.4497681612903226 0.44554455483870964 0.38021638387096773 0.46039604032258064 0.37557959838709676 0.47277227741935485 0.46986089677419357 0.46534653387096775
0 0.5564142193548387 0.46287128709677416 0.6398763516129032 0.4529702967741936 0.6321483774193548 0.4306930693548387 0.6105100467741935 0.4133663370967742 0.5471406483870968 0.41089108870967744 0.5332302935483871 0.4183168322580645 0.5332302935483871 0.4430693064516129 0.5564142193548387 0.46287128709677416
0 0.44513137580645157 0.35891089032258067 0.47604327741935487 0.36633663387096776 0.5517774338709678 0.35891089032258067 0.5625966 0.3490099016129032 0.5486862435483871 0.3094059403225806 0.5193199387096774 0.3168316838709677 0.48222565645161297 0.3118811887096774 0.4435857806451613 0.33168316774193546 0.43894899516129027 0.34653465322580645 0.44513137580645157 0.35891089032258067
0 0.5409582693548387 0.28217821774193547 0.5517774338709678 0.29207920806451615 0.622874806451613 0.28960395967741936 0.6244204016129032 0.27722772258064515 0.5950540951612903 0.2623762370967742 0.5486862435483871 0.26485148548387094 0.5409582693548387 0.27475247580645157 0.5363214838709678 0.28960395967741936 0.5409582693548387 0.28217821774193547
0 0.5409582693548387 0.24504950483870966 0.5842349306451613 0.24752475322580647 0.5795981451612903 0.2376237629032258 0.5270479129032258 0.22772277258064516 0.5239567225806452 0.2376237629032258 0.5409582693548387 0.24504950483870966
0 0.5460927354838709 0.28892079193548387 0.5222086548387097 0.28892079193548387 0.5152519322580644 0.29969059354838706 0.516411129032258 0.30748762419354836 0.5293972177419355 0.3108316838709677 0.5509613596774193 0.3108316838709677 0.5669629064516128 0.30971534677419355 0.578092735483871 0.30488861451612903 0.5736862435483872 0.29077722741935486 0.5460927354838709 0.28892079193548387
0 0.10317619838709677 0.415797029032258 0.08090571935483871 0.4203118806451613 0.059480680645161293 0.4148935645161291 0.054125193548387095 0.40135148548387095 0.03664760483870968 0.4081212870967742 0.04961514677419355 0.41940841612903224 0.05158887096774194 0.43837128709677414 0.04989644516129032 0.44604455483870964 0.06399227258064516 0.459138614516129 0.08034157580645161 0.4582351483870968 0.09387326129032258 0.4568811887096775 0.11219783548387097 0.4659084161290323 0.12121792903225807 0.4672648516129032 0.13390417258064516 0.45191336612903227 0.13503091129032258 0.4347574258064516 0.11473415806451612 0.418957920967742 0.10317619838709677 0.415797029032258