0 0.7048387096774194 0.3911290322580645 0.06612903225806452 0.02338709677419355
0 0.5379032258064517 0.34516129032258064 0.06612903225806452 0.018548387096774192
0 0.525 0.38548387096774195 0.10725806451612903 0.008870967741935484
0 0.6129032258064516 0.3467741935483871 0.041935483870967745 0.018548387096774192
0 0.4020618564516129 0.6544502612903226 0.4639175258064516 0.6884816758064516 0.48659793870967744 0.7120418854838709 0.6824742274193548 0.7172774870967742 0.7855670096774193 0.6963350790322581 0.6041237112903225 0.6727748693548388 0.5938144322580645 0.662303664516129 0.589690720967742 0.6047120419354839 0.44329896935483876 0.6413612564516129 0.37113402096774195 0.6387434548387096 0.32577319516129033 0.6178010467741936 0.3051546387096774 0.62303665 0.4020618564516129 0.6544502612903226
0 0.09072165 0.9712041887096775 0.04948453548387097 0.9973821983870969 0.12164948387096775 0.9947643983870967 0.25567010322580647 0.9136125661290323 0.29690721612903226 0.9188481677419356 0.31958762903225807 0.9109947645161289 0.32371134032258064 0.8979057596774193 0.3917525774193548 0.8795811516129033 0.4268041241935484 0.8193717274193548 0.47628865967741935 0.7984293193548387 0.4804123709677419 0.7853403145161291 0.4577319580645161 0.7408376967741935 0.43505154677419355 0.7591623032258065 0.369072164516129 0.7539267016129032 0.3154639177419355 0.7643979064516129 0.1938144322580645 0.8141361258064517 0.16082474193548388 0.8507853403225806 0.07422680483870968 0.8900523564516128 0.05360824677419355 0.9162303661290322 0.08247422741935484 0.947643979032258 0.09072165 0.9712041887096775
0 0 0.8062827225806452 0.10721649516129032 0.7670157064516129 0.1381443306451613 0.7408376967741935 0.2082474225806452 0.7068062822580645 0.16494845322580645 0.7120418854838709 0.024742267741935484 0.7801047112903225 0 0.7958115177419355 0 0.8062827225806452
0 0.2659793806451613 0.4581151838709677 0.2268041241935484 0.4581151838709677 0.14845360806451613 0.48952879516129033 0.2536082467741935 0.48429319354838707 0.2659793806451613 0.4581151838709677
0 0.1793814435483871 0.4371727741935484 0.006185567741935484 0.4502617806451613 0 0.4607329838709677 0.1793814435483871 0.4371727741935484
0 0.6412371129032258 0.463350785483871 0.7608247419354839 0.4005235596774193 0.659793814516129 0.42670157096774197 0.5752577322580644 0.4319371725806451 0.5195876290322581 0.45549738225806446 0.5237113403225806 0.46596858709677424 0.6412371129032258 0.463350785483871
0 0.5195876290322581 0.4319371725806451 0.4948453612903226 0.4214659693548387 0.43505154677419355 0.42670157096774197 0.44948453548387096 0.43979057580645164 0.5195876290322581 0.4319371725806451
0 0.8 0.43979057580645164 0.8536082467741936 0.4031413612903226 0.8762886596774194 0.4031413612903226 0.9010309274193549 0.3874345548387097 0.8061855677419355 0.38481675322580644 0.7814432983870968 0.3952879580645161 0.7876288661290323 0.4371727741935484 0.8 0.43979057580645164