0 0.47734375 0.7707373274193549 0.4828125 0.7764976951612903 0.4828125 0.782258064516129 0.4765625 0.8018433177419355 0.471875 0.8064516129032258 0.4734375 0.8329493080645162 0.46875 0.8456221193548387 0.475 0.8490783403225807 0.475 0.8559907838709677 0.4859375 0.8721198161290323 0.51328125 0.8813364048387098 0.53125 0.8790322580645161 0.5515625 0.8917050693548386 0.56640625 0.8951612903225806 0.59765625 0.8963133645161291 0.62421875 0.8882488483870968 0.64609375 0.8594470048387096 0.65 0.8490783403225807 0.65 0.8225806451612904 0.64296875 0.7937788016129033 0.6234375 0.7776497693548386 0.609375 0.7592165903225807 0.6109375 0.7523041467741935 0.5875 0.7304147467741936 0.58046875 0.7338709677419355 0.57109375 0.7281105983870967 0.571875 0.7235023048387097 0.56015625 0.7200460822580644 0.496875 0.7223502306451614 0.47421875 0.7281105983870967 0.4703125 0.7465437790322581 0.475 0.7523041467741935 0.47734375 0.7707373274193549
0 0.07578125 0.8041474661290323 0.1109375 0.7960829500000001 0.1359375 0.7649769580645162 0.15234375 0.736175114516129 0.1515625 0.7269585258064516 0.146875 0.7211981564516129 0.12421875 0.7211981564516129 0.10078125 0.7304147467741936 0.07578125 0.7476958532258065 0.0640625 0.7788018435483871 0.0640625 0.7937788016129033 0.07578125 0.8041474661290323
0 0.496875 0.5276497693548386 0.52890625 0.5426267274193548 0.6 0.5403225806451613 0.6375 0.5241935483870968 0.63671875 0.5057603693548387 0.62578125 0.48963133709677426 0.57578125 0.4711981564516129 0.54296875 0.4711981564516129 0.51953125 0.47695852580645165 0.49765625 0.49193548387096775 0.49296875 0.5023041467741935 0.490625 0.5161290322580645 0.496875 0.5276497693548386
0 0.36171875 0.4435483870967742 0.39453125 0.4435483870967742 0.4296875 0.43202765 0.434375 0.4262672806451613 0.434375 0.41935483870967744 0.41640625 0.4101382483870968 0.38671875 0.4112903225806452 0.36640625 0.41820276451612903 0.3546875 0.43202765 0.35390625 0.43894009193548383 0.36171875 0.4435483870967742
0 0.58046875 0.4170506919354839 0.60625 0.4285714290322581 0.66875 0.4274193548387097 0.6984375 0.41820276451612903 0.70390625 0.4112903225806452 0.703125 0.40092165967741933 0.696875 0.3951612903225806 0.65390625 0.38594470000000003 0.59921875 0.3894009209677419 0.57890625 0.39631336451612903 0.5765625 0.40092165967741933 0.58046875 0.4170506919354839
0 0.48984375 0.39170506935483873 0.515625 0.39631336451612903 0.5390625 0.3940092161290323 0.5625 0.3836405532258065 0.56796875 0.37442396290322577 0.58984375 0.3698156677419355 0.60078125 0.35944700483870967 0.590625 0.3548387096774194 0.54453125 0.3525345629032258 0.49765625 0.3617511516129032 0.4859375 0.3732718887096774 0.4828125 0.3847926274193548 0.48984375 0.39170506935483873
0 0.37734375 0.4032258064516129 0.40859375 0.4032258064516129 0.4328125 0.3882488483870968 0.43125 0.3767281112903226 0.4046875 0.3698156677419355 0.37734375 0.3721198161290322 0.3640625 0.3813364048387097 0.3609375 0.39170506935483873 0.37734375 0.4032258064516129
0 0.3078125 0.4032258064516129 0.3296875 0.3951612903225806 0.33046875 0.38594470000000003 0.32890625 0.3801843322580645 0.3171875 0.3790322580645161 0.30234375 0.3813364048387097 0.29140625 0.39055299516129033 0.290625 0.399769585483871 0.3078125 0.4032258064516129
0 0.3296875 0.3652073725806452 0.3703125 0.3629032258064516 0.38671875 0.34907834032258067 0.38515625 0.34216589838709677 0.35859375 0.33640553064516127 0.3203125 0.3467741935483871 0.31875 0.3571428564516129 0.3296875 0.3652073725806452
0 0.38046875 0.30299539193548386 0.40546875 0.30875575967741936 0.4234375 0.29838709677419356 0.42890625 0.2834101387096774 0.42265625 0.2788018435483871 0.4078125 0.2788018435483871 0.39609375 0.28225806451612906 0.38125 0.2937788016129032 0.378125 0.29838709677419356 0.38046875 0.30299539193548386
0 0.425 0.2626728112903226 0.4359375 0.2672811064516129 0.4703125 0.26843317903225805 0.4796875 0.2592165903225806 0.478125 0.24769585322580645 0.47109375 0.24539170483870967 0.425 0.24769585322580645 0.42265625 0.25460829516129035 0.425 0.2626728112903226
0 0.45390625 0.34907834032258067 0.47890625 0.34792626774193547 0.49375 0.3387096774193548 0.48984375 0.33064516129032256 0.47578125 0.32718894032258067 0.45390625 0.328341014516129 0.44453125 0.33640553064516127 0.44453125 0.3444700467741935 0.45390625 0.34907834032258067
0 0.5390625 0.33640553064516127 0.546875 0.3387096774193548 0.5703125 0.3352534564516129 0.578125 0.32603686612903227 0.575 0.32027649838709676 0.5625 0.31797235 0.54609375 0.31797235 0.534375 0.32488479193548386 0.53359375 0.3294930870967742 0.5390625 0.33640553064516127
0 0.61015625 0.3410138241935484 0.64296875 0.34907834032258067 0.6828125 0.3467741935483871 0.696875 0.33755760322580647 0.696875 0.3329493080645161 0.68671875 0.32603686612903227 0.66484375 0.3225806451612903 0.634375 0.3225806451612903 0.60703125 0.33064516129032256 0.60625 0.33755760322580647 0.61015625 0.3410138241935484
0 0.5765625 0.3156682032258064 0.615625 0.31451612903225806 0.628125 0.3064516129032258 0.62578125 0.30184331774193546 0.60078125 0.2937788016129032 0.56796875 0.2949308758064516 0.55546875 0.30184331774193546 0.55625 0.31105990806451617 0.5765625 0.3156682032258064
0 0.52421875 0.2903225806451613 0.55625 0.2937788016129032 0.5859375 0.2834101387096774 0.5890625 0.27649769516129036 0.58359375 0.27073732741935486 0.55703125 0.26843317903225805 0.52265625 0.2788018435483871 0.5203125 0.28686635967741936 0.52421875 0.2903225806451613
0 0.5296875 0.25806451612903225 0.565625 0.25460829516129035 0.56015625 0.24654377903225808 0.54453125 0.23963133709677417 0.51484375 0.2430875580645161 0.5140625 0.25115207419354835 0.5296875 0.25806451612903225
0 0.58203125 0.24654377903225808 0.60390625 0.25115207419354835 0.64765625 0.24193548387096775 0.6765625 0.2442396306451613 0.68269375 0.23958064516129032 0.6803242193548387 0.23109562258064517 0.6562929693548387 0.22959792580645164 0.64783125 0.23508870967741935 0.590625 0.23271889354838712 0.58203125 0.23847926290322582 0.5796875 0.24193548387096775 0.58203125 0.24654377903225808
0 0.59375 0.1993087564516129 0.603125 0.20622119838709677 0.63984375 0.19815668225806451 0.6453125 0.1889400919354839 0.64296875 0.17626728064516128 0.61484375 0.1751152080645161 0.603125 0.1808755758064516 0.59140625 0.1923963129032258 0.59375 0.1993087564516129
0 0.534375 0.19585253387096774 0.5453125 0.19585253387096774 0.5625 0.1877880177419355 0.5640625 0.17857142903225806 0.53984375 0.1774193548387097 0.52890625 0.18548387096774194 0.528125 0.1889400919354839 0.534375 0.19585253387096774
0 0.5703125 0.17396313387096773 0.5953125 0.1693548387096774 0.5921875 0.16129032258064516 0.57578125 0.16129032258064516 0.56640625 0.16589861774193548 0.565625 0.17165898548387098 0.5703125 0.17396313387096773
0 0.578125 0.1589861758064516 0.59921875 0.15552995322580646 0.60625 0.14976958548387095 0.603125 0.14516129032258066 0.5921875 0.14285714354838708 0.56953125 0.14631336451612903 0.56640625 0.1532258064516129 0.578125 0.1589861758064516
0 0.62734375 0.1520737322580645 0.66171875 0.15092165967741936 0.665625 0.14631336451612903 0.65859375 0.1417050693548387 0.6234375 0.14285714354838708 0.621875 0.1474654370967742 0.62734375 0.1520737322580645