0 0.5625 0.9660441419354838 0.6 0.9762309 0.6025 0.9864176564516128 0.63 0.9983022064516128 0.8075 0.9983022064516128 0.8300000000000001 0.9949066209677419 0.85 0.9728353145161291 0.8524999999999999 0.9337860774193548 0.825 0.9219015274193548 0.7825 0.9252971145161291 0.7575 0.918505941935484 0.7474999999999999 0.926994906451613 0.715 0.926994906451613 0.6025 0.9151103564516129 0.5675 0.926994906451613 0.5375 0.9252971145161291 0.535 0.9354838709677419 0.5625 0.9660441419354838
0 0.755 0.7496434629032258 0.8 0.7496434629032258 0.8625 0.7377589129032258 0.875 0.7326655354838709 0.8050674999999999 0.7097623096774194 0.71379 0.6924057725806452 0.7366075 0.6762903225806451 0.9173374999999999 0.6521137516129032 0.9940100000000001 0.6471544983870968 0.86896 0.6297979629032258 0.91 0.6138200338709677 0.8825 0.6036332774193548 0.8175 0.5985398983870968 0.77 0.5849575548387096 0.715 0.5815619693548387 0.7101375 0.5944651951612904 0.64168 0.5938455016129033 0.633465 0.6112020370967742 0.68093 0.6341375209677419 0.6225124999999999 0.6223599322580645 0.5613549999999999 0.6248387096774193 0.5075 0.6240067919354838 0.45999999999999996 0.6341935483870967 0.4375 0.6307979629032259 0.41500000000000004 0.6443803048387097 0.40801 0.6570730048387097 0.419875 0.6676112048387097 0.44087000000000004 0.6663718161290323 0.4627775 0.6818692693548387 0.47099250000000004 0.7004651951612904 0.46369 0.7209202032258064 0.43995749999999995 0.733319185483871 0.48377000000000003 0.7407572161290322 0.5111525 0.7475755516129032 0.5011125 0.7661714774193549 0.5725 0.7581324274193548 0.665 0.7683191854838709 0.755 0.7496434629032258
0 0.535 0.5551782677419355 0.6575 0.5534804758064517 0.6725 0.5466893032258064 0.617035 0.5436349741935483 0.5125 0.5432937177419355 0.51 0.5517826822580645 0.535 0.5551782677419355
0 0.8325 0.5585738532258064 0.9475000000000001 0.5585738532258064 0.995 0.5517826822580645 0.965 0.5348047532258065 0.8524999999999999 0.5314091677419355 0.7225 0.5348047532258065 0.7050000000000001 0.5432937177419355 0.7225 0.5534804758064517 0.8325 0.5585738532258064
0 0.47750000000000004 0.47368421129032257 0.6175 0.4821731741935484 0.72 0.47707979677419354 0.74 0.47028862419354844 0.72 0.4584040741935484 0.63 0.4634974532258065 0.5675 0.45500848870967736 0.5 0.45670628225806453 0.4975 0.45161290322580644 0.4675 0.4584040741935484 0.465 0.4685908322580645 0.47750000000000004 0.47368421129032257
0 0.4725 0.45500848870967736 0.725 0.45500848870967736 0.7175 0.44142614677419356 0.68 0.43463497419354835 0.45 0.4363327677419355 0.45 0.4482173177419355 0.4725 0.45500848870967736
0 0.4625 0.40237690967741935 0.5475 0.4057724951612903 0.5650000000000001 0.4006791177419355 0.5599999999999999 0.3870967741935484 0.535 0.38200339516129034 0.44499999999999995 0.3887945677419355 0.44250000000000006 0.39558573870967745 0.4625 0.40237690967741935
0 0.3775 0.39219015322580647 0.3675 0.37860780967741936 0.28250000000000003 0.37860780967741936 0.28250000000000003 0.3989813241935484 0.3775 0.39219015322580647
0 0.22 0.35314091612903226 0.35250000000000004 0.35823429516129035 0.3625 0.35314091612903226 0.355 0.3429541596774193 0.3275 0.3327674016129032 0.2175 0.3310696096774194 0.2125 0.3463497451612903 0.22 0.35314091612903226
0 0.3275 0.37351443064516127 0.395 0.3684210532258064 0.255 0.3633276741935484 0.26 0.3701188451612903 0.3275 0.37351443064516127
0 0.5075025 0.6062427838709677 0.4947225 0.5988047532258064 0.45638749999999995 0.5938455016129033 0.43721750000000004 0.5988047532258064 0.4682525 0.6081018677419355 0.5011125 0.606862479032258 0.5075025 0.6062427838709677
0 0.5650075 0.5919864177419355 0.6225124999999999 0.5882665532258065 0.6955325 0.5907453306451613 0.7074 0.5764889645161291 0.669975 0.5746298806451613 0.6508075 0.5746298806451613 0.6645 0.5839269951612903 0.637115 0.5845466887096774 0.6097325 0.580208829032258 0.5814374999999999 0.5820679112903226 0.5567925 0.5795874370967742 0.53306 0.5740084887096775 0.49198500000000006 0.5820679112903226 0.52028 0.5919864177419355 0.5650075 0.5919864177419355