0 0.45 0.825 0.4645833338709678 0.8416666661290323 0.5729166661290322 0.8694444451612904 0.6145833338709678 0.8611111112903225 0.5958333338709678 0.8027777774193549 0.48958333387096775 0.6694444451612903 0.4854166661290322 0.6777777774193549 0.45 0.6805555548387097 0.4375 0.7027777774193548 0.43125 0.7555555548387096 0.45 0.825
0 0.4145833338709678 0.6194444451612904 0.43541666612903224 0.6388888887096774 0.4833333338709678 0.6333333338709678 0.48958333387096775 0.6194444451612904 0.46875 0.5694444451612903 0.45 0.55 0.4229166661290322 0.5416666661290322 0.41041666612903227 0.5583333338709677 0.4145833338709678 0.6194444451612904
0 0.3875 0.5166666661290322 0.4229166661290322 0.5305555548387096 0.45 0.5222222225806452 0.45 0.5 0.43125 0.475 0.3875 0.475 0.38125 0.4833333338709678 0.3875 0.5166666661290322
0 0.36458333387096775 0.4416666661290322 0.39583333387096775 0.45555555483870963 0.43958333387096776 0.45 0.41041666612903227 0.425 0.3604166661290323 0.4111111112903226 0.35208333387096774 0.4277777774193548 0.36458333387096775 0.4416666661290322
0 0.36666666612903226 0.3944444451612903 0.4145833338709678 0.4 0.40208333387096773 0.3805555548387097 0.35416666612903225 0.3722222225806452 0.35208333387096774 0.38333333387096774 0.36666666612903226 0.3944444451612903
0 0.40208333387096773 0.3611111112903226 0.37916666612903227 0.3416666661290323 0.3416666661290323 0.3416666661290323 0.35208333387096774 0.3583333338709677 0.40208333387096773 0.3611111112903226
0 0.33958333387096773 0.3277777774193548 0.3916666661290323 0.3361111112903226 0.3916666661290323 0.3222222225806452 0.3770833338709677 0.30833333387096773 0.33125 0.2972222225806452 0.33125 0.31944444516129034 0.33958333387096773 0.3277777774193548
0 0.3291666661290323 0.30555555483870966 0.37916666612903227 0.30833333387096773 0.34791666612903227 0.2805555548387097 0.30833333387096773 0.27777777741935483 0.3104166661290323 0.2972222225806452 0.3291666661290323 0.30555555483870966
0 0.30416666612903226 0.27222222258064516 0.35416666612903225 0.275 0.3458333338709677 0.2555555548387097 0.3125 0.25 0.2979166661290323 0.25 0.30416666612903226 0.27222222258064516
0 0.3416666661290323 0.2472222225806452 0.3416666661290323 0.2194444451612903 0.28958333387096774 0.2111111112903226 0.2875 0.24444444516129032 0.3416666661290323 0.2472222225806452
0 0.325 0.2111111112903226 0.31666666612903227 0.18333333387096776 0.29375 0.17777777741935485 0.2875 0.1861111112903226 0.28958333387096774 0.2055555548387097 0.325 0.2111111112903226
0 0.6895833338709678 0.9972222225806452 0.6770833338709678 0.975 0.6291666661290323 0.9388888887096775 0.59375 0.9388888887096775 0.5833333338709678 0.9527777774193548 0.58125 0.9972222225806452 0.6895833338709678 0.9972222225806452