0 0 0.99625 0.9995833338709678 0.996875 0.9995833338709678 0.919375 0.91375 0.8899999999999999 0.9004166661290323 0.8887499999999999 0.87375 0.88 0.8524999999999999 0.8775 0.8491666661290322 0.8743749999999999 0.7954166661290323 0.863125 0.7670833338709677 0.8612500000000001 0.7633333338709677 0.858125 0.7545833338709677 0.8574999999999999 0.6933333338709677 0.84 0.6808333338709678 0.8418749999999999 0.6779166661290322 0.8368749999999999 0.6504166661290323 0.834375 0.64625 0.831875 0.6420833338709677 0.833125 0.6333333338709678 0.829375 0.5720833338709678 0.818125 0.5654166661290323 0.820625 0.54375 0.820625 0.5308333338709678 0.831875 0.525 0.83125 0.52125 0.8337499999999999 0.49708333387096776 0.8350000000000001 0.4945833338709677 0.833125 0.48125 0.833125 0.47458333387096774 0.8300000000000001 0.455 0.828125 0.4441666661290323 0.82125 0.42375 0.8143750000000001 0.41916666612903225 0.809375 0.38875 0.79625 0.34958333387096774 0.79125 0.3429166661290322 0.788125 0.33241666612903226 0.7875 0.32791666612903225 0.785625 0.32833333387096775 0.7831250000000001 0.32625 0.781875 0.31375000000000003 0.7837500000000001 0.29458333387096775 0.775625 0.2765625 0.775625 0.2675 0.7725 0.26541666612903225 0.774375 0.2595833338709677 0.77125 0.23166666612903225 0.7725 0.17166666612903225 0.77 0.11791666612903226 0.77375 0.08708333387096774 0.78 0.06875 0.789375 0.05666666612903226 0.78875 0.004583333870967743 0.7975 0 0.7987500000000001 0 0.99625
0 0 0.688125 0.017499999999999998 0.6856249999999999 0.022916666129032256 0.68125 0.021666666129032258 0.67625 0.016666666129032257 0.675625 0 0.67625 0 0.688125
0 0 0.6693749999999999 0.022916666129032256 0.6675 0.042916666129032256 0.661875 0.03875 0.655625 0.027083333870967743 0.6537499999999999 0 0.6537499999999999 0 0.6693749999999999
0 0.030000000000000002 0.63625 0.04625 0.6425000000000001 0.057916666129032256 0.64375 0.09458333387096773 0.6387499999999999 0.1 0.633125 0.09958333387096774 0.63 0.09625 0.62875 0.0825 0.63 0.07250000000000001 0.62625 0.060833333870967746 0.625625 0.035833333870967744 0.62625 0.02833333387096774 0.630625 0.02791666612903226 0.634375 0.030000000000000002 0.63625
0 0 0.605 0.02333333387096774 0.603125 0.02 0.59 0.0020833338709677417 0.585 0 0.585 0 0.605
0 0.14583333387096775 0.625625 0.15416666612903226 0.63125 0.17416666612903225 0.630625 0.16708333387096774 0.63 0.14333333387096775 0.618125 0.11875 0.621875 0.12208333387096773 0.62625 0.14583333387096775 0.625625
0 0.1625 0.693125 0.18333333387096776 0.68875 0.18625 0.684375 0.19333333387096777 0.680625 0.2 0.6693749999999999 0.19708333387096774 0.665625 0.1975 0.661875 0.17 0.66375 0.12791666612903227 0.67125 0.12291666612903225 0.6693749999999999 0.11791666612903226 0.6775 0.1625 0.693125
0 0.14625 0.609375 0.1625 0.608125 0.16708333387096774 0.60375 0.15791666612903227 0.600625 0.14041666612903225 0.6025 0.13999999999999999 0.6074999999999999 0.14625 0.609375
0 0.14666666612903226 0.6581250000000001 0.18166666612903223 0.66125 0.2125 0.660625 0.22375 0.6543749999999999 0.20666666612903226 0.65125 0.12916666612903224 0.650625 0.12625 0.6537499999999999 0.14666666612903226 0.6581250000000001
0 0.18291666612903226 0.618125 0.18708333387096776 0.620625 0.20916666612903226 0.620625 0.21375 0.61875 0.21541666612903226 0.615 0.20249999999999999 0.610625 0.18458333387096773 0.613125 0.18208333387096773 0.615 0.18291666612903226 0.618125
0 0.21916666612903224 0.693125 0.2425 0.695625 0.2625 0.693125 0.275 0.688125 0.27708333387096773 0.6849999999999999 0.2695833338709678 0.681875 0.24833333387096773 0.680625 0.22916666612903228 0.6825 0.21291666612903223 0.6875 0.21208333387096776 0.6893750000000001 0.21916666612903224 0.693125
0 0.25125000000000003 0.655625 0.2575 0.6581250000000001 0.28666666612903224 0.65625 0.28833333387096777 0.6543749999999999 0.28125 0.650625 0.25125000000000003 0.6525 0.25 0.6537499999999999 0.25125000000000003 0.655625
0 0.31416666612903227 0.66375 0.33833333387096776 0.661875 0.3345833338709677 0.65625 0.3025 0.6575 0.3029166661290323 0.661875 0.31416666612903227 0.66375
0 0.35083333387096777 0.713125 0.3608333338709677 0.718125 0.375 0.72 0.38833333387096775 0.72 0.4041666661290323 0.710625 0.4041666661290323 0.708125 0.4 0.70375 0.39 0.701875 0.37125 0.7012499999999999 0.35 0.7050000000000001 0.34791666612903227 0.709375 0.35083333387096777 0.713125
0 0.3 0.603125 0.3104166661290323 0.60625 0.34333333387096776 0.6 0.34500000000000003 0.59375 0.34833333387096777 0.5912499999999999 0.34083333387096776 0.5875 0.33125 0.590625 0.30916666612903226 0.586875 0.30041666612903223 0.593125 0.2975 0.599375 0.3 0.603125
0 0.32583333387096775 0.56375 0.3216666661290323 0.568125 0.32291666612903225 0.571875 0.33541666612903226 0.5756249999999999 0.42 0.5800000000000001 0.4233333338709677 0.5825 0.43125 0.5825 0.4414583338709677 0.576875 0.4516666661290323 0.5756249999999999 0.455 0.571875 0.4470833338709677 0.566875 0.44 0.5675 0.43375 0.56375 0.43416666612903226 0.5606249999999999 0.4320833338709677 0.559375 0.4154166661290323 0.558125 0.40791666612903227 0.55375 0.40333333387096776 0.555 0.39291666612903225 0.55125 0.3891666661290323 0.55375 0.37458333387096776 0.554375 0.3683333338709677 0.5525 0.365 0.5487500000000001 0.34833333387096777 0.548125 0.33791666612903226 0.5525 0.32083333387096774 0.551875 0.31958333387096777 0.5525 0.32583333387096775 0.56375
0 0.4041666661290323 0.68 0.4304166661290323 0.68 0.5341666661290323 0.661875 0.5748483338709677 0.6528825 0.5546175 0.6437781258064517 0.5346754161290322 0.6442118758064516 0.5228258338709677 0.6437781258064517 0.5135775 0.643345 0.49565875 0.6372756241935483 0.47629458387096774 0.6316393758064517 0.46126583387096776 0.6364081258064516 0.39392583387096775 0.6251368758064516 0.36444624999999997 0.6372756241935483 0.41300083387096775 0.6368418758064517 0.43525499999999995 0.6455125 0.42311624999999997 0.6485468758064517 0.40750958387096775 0.6533156258064515 0.39363666612903225 0.6563506258064516 0.4034633338709677 0.6658881258064516 0.40375 0.673125 0.4025 0.678125 0.4041666661290323 0.68
0 0.5245833338709678 0.60875 0.56125 0.61375 0.5633333338709677 0.62 0.5570833338709678 0.62625 0.5591666661290323 0.63625 0.595 0.635625 0.6033333338709678 0.64375 0.6112500000000001 0.6475 0.6283333338709677 0.648125 0.63125 0.645 0.6333333338709678 0.6475 0.6387499999999999 0.645625 0.6858333338709677 0.65125 0.68875 0.6537499999999999 0.7075 0.6537499999999999 0.7254166661290322 0.65 0.7329166661290323 0.645625 0.7366666661290323 0.646875 0.7416666661290322 0.6425000000000001 0.7408333338709677 0.636875 0.7433333338709678 0.634375 0.7370833338709678 0.629375 0.7241666661290322 0.629375 0.7191666661290322 0.625625 0.7162499999999999 0.62 0.7108333338709677 0.616875 0.70875 0.609375 0.6904166661290323 0.603125 0.6333333338709678 0.595 0.6112500000000001 0.594375 0.60625 0.595 0.6033333338709678 0.598125 0.6033333338709678 0.60375 0.6008333338709677 0.609375 0.5983333338709677 0.610625 0.59 0.599375 0.5745833338709677 0.59375 0.5425 0.590625 0.50875 0.593125 0.5095833338709678 0.59875 0.5245833338709678 0.60875
0 0.6254166661290322 0.73 0.6379166661290322 0.7362500000000001 0.6854166661290322 0.741875 0.75375 0.7324999999999999 0.7575 0.72875 0.7579166661290323 0.72 0.7516666661290323 0.7162499999999999 0.7366666661290323 0.713125 0.7041666661290322 0.713125 0.6666666661290322 0.719375 0.6575 0.718125 0.6383333338709677 0.7206250000000001 0.6254166661290322 0.725 0.62375 0.728125 0.6254166661290322 0.73
0 0.4625 0.6275000000000001 0.48708333387096775 0.62875 0.51097625 0.6372756241935483 0.5439241661290323 0.6394431258064517 0.55721875 0.63554125 0.5277391661290323 0.6255706258064516 0.49250000000000005 0.618125 0.48708333387096775 0.615625 0.4704166661290323 0.615 0.4595833338709677 0.619375 0.45875 0.6231249999999999 0.4625 0.6275000000000001
0 0.35083333387096777 0.67125 0.3579166661290323 0.6743750000000001 0.37333333387096773 0.6725 0.3729166661290323 0.6693749999999999 0.36125 0.6587500000000001 0.35666666612903225 0.6581250000000001 0.3504166661290323 0.664375 0.34958333387096774 0.668125 0.35083333387096777 0.67125
0 0.9304166661290323 0.7793749999999999 0.9433333338709677 0.784375 0.9845833338709679 0.785625 0.9933333338709678 0.7831250000000001 0.99625 0.78 0.9899999999999999 0.773125 0.9741666661290322 0.76875 0.9470833338709679 0.7675000000000001 0.9287500000000001 0.770625 0.9274999999999999 0.775625 0.9304166661290323 0.7793749999999999
0 0.7908333338709678 0.728125 0.7987500000000001 0.7318749999999999 0.8320833338709677 0.738125 0.8695833338709678 0.741875 0.8820833338709677 0.740625 0.8895833338709677 0.735625 0.8895833338709677 0.7324999999999999 0.8833333338709677 0.72375 0.8620833338709678 0.7162499999999999 0.8104166661290322 0.7168749999999999 0.7949999999999999 0.7206250000000001 0.7908333338709678 0.724375 0.7908333338709678 0.728125
0 0.7091666661290322 0.676875 0.69875 0.68125 0.7204166661290323 0.6893750000000001 0.785 0.69875 0.8283333338709679 0.69875 0.8591666661290321 0.704375 0.8720833338709678 0.695625 0.8795833338709678 0.69375 0.8887499999999999 0.696875 0.9316666661290323 0.6975 0.9683333338709678 0.703125 0.9850000000000001 0.70875 0.9995833338709678 0.709375 0.9995833338709678 0.696875 0.9645833338709677 0.69375 0.9475000000000001 0.6849999999999999 0.8954166661290323 0.6737500000000001 0.8845833338709679 0.6743750000000001 0.8795833338709678 0.6775 0.86657125 0.6801125 0.81414125 0.6657131258064516 0.7827570838709678 0.6651587499999999 0.7320833338709677 0.660625 0.71 0.665625 0.71125 0.6699999999999999 0.7091666661290322 0.676875
0 0.8641666661290323 0.635 0.8804166661290322 0.6425000000000001 0.9125 0.648125 0.93 0.641875 0.9287500000000001 0.6381249999999999 0.9204166661290322 0.633125 0.8908333338709679 0.625 0.8654166661290321 0.62 0.8541666661290324 0.619375 0.8508333338709677 0.62125 0.8495833338709677 0.6231249999999999 0.8641666661290323 0.635
0 0.8958333338709676 0.5962500000000001 0.9025 0.595 0.90375 0.5975 0.9083333338709677 0.596875 0.9241666661290323 0.60625 0.9345833338709678 0.604375 0.9408333338709678 0.6074999999999999 0.9429166661290322 0.6125 0.9462499999999999 0.610625 0.94875 0.6125 0.94875 0.61875 0.9529166661290321 0.6231249999999999 0.96625 0.6268750000000001 0.98861125 0.62875 0.9941666661290323 0.631875 0.9995833338709678 0.630625 0.9995833338709678 0.5643750000000001 0.99625 0.5643750000000001 0.9941666661290323 0.5599999999999999 0.9925 0.5643750000000001 0.9862500000000001 0.5643750000000001 0.9850000000000001 0.5625 0.9729166661290323 0.563125 0.9708333338709677 0.559375 0.9645833338709677 0.56125 0.8970833338709678 0.555625 0.8825 0.5599999999999999 0.8804166661290322 0.5625 0.8899999999999999 0.5875 0.8958333338709676 0.5962500000000001