0 0.22388059677419356 0.6518847 0.34328358225806455 0.6407982258064516 0.40298507419354834 0.6141906870967742 0.4149253725806452 0.6031042129032258 0.4149253725806452 0.5920177387096774 0.4014925370967742 0.5676274951612904 0.3552238806451613 0.549889135483871 0.32388059677419356 0.5476718403225806 0.28805970161290323 0.5609756096774193 0.23134328387096775 0.6008869177419355 0.21641790967741933 0.6252771612903225 0.21492537258064515 0.6363636370967742 0.22388059677419356 0.6518847
0 0.09701492580645162 0.5299334806451613 0.20149253709677417 0.5321507758064515 0.2671641790322581 0.5099778274193548 0.286567164516129 0.4900221725806451 0.26417910483870966 0.4634146338709677 0.2268656709677419 0.4611973387096774 0.1373134322580645 0.47893569838709676 0.08507462741935484 0.5099778274193548 0.08358209032258064 0.5166297112903226 0.09701492580645162 0.5299334806451613
0 0.2552238806451613 0.3880266080645161 0.26268656774193544 0.4212860306451613 0.25970149193548386 0.43237250483870965 0.26567164193548387 0.43902439032258067 0.27761194032258063 0.43902439032258067 0.28805970161290323 0.4168514419354839 0.3014925370967742 0.4101995564516129 0.3537313435483871 0.40354767258064517 0.37611940322580645 0.3902439032258065 0.3447761193548387 0.33259423548387096 0.33134328387096773 0.32372505483870967 0.25970149193548386 0.32372505483870967 0.2402985080645161 0.34368070967741937 0.24179104516129032 0.3791574274193548 0.2552238806451613 0.3880266080645161
0 0.3328358209677419 0.4434589806451613 0.3328358209677419 0.4656319290322581 0.3462686564516129 0.48558758387096773 0.426865670967742 0.48558758387096773 0.4761194032258064 0.4611973387096774 0.47462686612903227 0.44567627419354844 0.4164179096774194 0.4190687354838709 0.3402985080645161 0.4146341467741936 0.32985074677419357 0.4212860306451613 0.32238805967741935 0.43237250483870965 0.3328358209677419 0.4434589806451613
0 0.5850746274193548 0.937915743548387 0.573134329032258 0.9423503322580645 0.5671641790322581 0.9689578709677419 0.5776119403225806 0.9977827048387097 0.8343283580645162 0.9977827048387097 0.8626865677419355 0.9623059870967743 0.9253731338709678 0.9534368064516129 0.9253731338709678 0.9356984483870968 0.9447761193548387 0.9268292677419354 0.9746268661290322 0.89135255 0.9820895516129032 0.8713968951612904 0.9656716419354838 0.8381374725806451 0.9716417903225807 0.8248337032258065 0.9656716419354838 0.8203991129032258 0.8298507467741936 0.7605321500000001 0.819402985483871 0.7960088693548387 0.8014925370967741 0.7827050999999999 0.7940298499999999 0.7649667403225806 0.7820895516129033 0.767184035483871 0.7761194032258064 0.8004434596774194 0.7611940306451612 0.7960088693548387 0.7552238806451613 0.776053214516129 0.6925373129032258 0.7649667403225806 0.6492537306451612 0.7694013306451613 0.6343283580645162 0.8159645225806452 0.6059701500000001 0.8248337032258065 0.5925373129032258 0.8403547677419354 0.5955223887096774 0.9113082032258064 0.5850746274193548 0.937915743548387
0 0.5671641790322581 0.7871396903225807 0.5761194032258065 0.7893569838709676 0.5791044774193549 0.8093126387096774 0.5895522387096774 0.8093126387096774 0.6059701500000001 0.7804878048387097 0.6223880596774194 0.7893569838709676 0.6253731338709677 0.7782705096774194 0.6402985080645162 0.7782705096774194 0.6402985080645162 0.7472283806451613 0.6223880596774194 0.7272727274193548 0.6089552241935484 0.7250554322580645 0.6 0.7073170725806451 0.5597014919354839 0.7117516629032258 0.5447761193548387 0.7272727274193548 0.5432835822580645 0.7472283806451613 0.5671641790322581 0.7871396903225807
0 0.6358208951612904 0.5476718403225806 0.6298507467741935 0.5543237258064516 0.6328358209677419 0.5676274951612904 0.6776119403225807 0.6031042129032258 0.7059701500000001 0.6141906870967742 0.7880597016129032 0.5986696225806452 0.7850746274193549 0.5742793790322581 0.7895522387096774 0.558758314516129 0.7641791048387097 0.5144124161290322 0.7671641790322581 0.5055432370967742 0.7477611935483871 0.48780487741935485 0.7104477612903226 0.48780487741935485 0.7 0.4745011080645162 0.6925373129032258 0.4833702887096774 0.680597014516129 0.47671840322580644 0.6597014919354839 0.48115299354838714 0.6373134322580645 0.5077605322580645 0.6283582096774194 0.5254988919354838 0.6358208951612904 0.5476718403225806
0 0.8432835822580645 0.5964523274193548 0.9149253725806452 0.5942350338709678 0.9119402983870967 0.5764966741935483 0.8761194032258065 0.5609756096774193 0.8492537306451614 0.558758314516129 0.8283582096774194 0.5676274951612904 0.8313432838709677 0.5875831483870968 0.8432835822580645 0.5964523274193548
0 0.5716417903225807 0.45011086451612903 0.6268656709677419 0.43680709516129035 0.6373134322580645 0.4257206209677419 0.619402985483871 0.4101995564516129 0.5492537306451613 0.41241685161290326 0.5358208951612903 0.43458979999999997 0.5716417903225807 0.45011086451612903
0 0.5507462693548387 0.4079822612903226 0.5850746274193548 0.4079822612903226 0.5910447758064516 0.3991130822580645 0.5597014919354839 0.3769401322580645 0.532835820967742 0.3880266080645161 0.5343283580645162 0.40133037741935484 0.5507462693548387 0.4079822612903226
0 0.4895522387096774 0.3592017741935484 0.5208955225806451 0.36807095322580646 0.5507462693548387 0.3592017741935484 0.532835820967742 0.341463414516129 0.480597014516129 0.3370288241935484 0.480597014516129 0.3547671838709678 0.4895522387096774 0.3592017741935484
0 0.3820895516129032 0.3458980048387097 0.41791044838709673 0.3547671838709678 0.45373134354838707 0.3547671838709678 0.4626865677419355 0.33259423548387096 0.45074626935483875 0.32594235 0.38358209032258067 0.32594235 0.37761194032258066 0.3348115306451613 0.3820895516129032 0.3458980048387097
0 0.20447761129032258 0.2771618629032258 0.2671641790322581 0.2749445677419355 0.280597014516129 0.2638580935483871 0.27462686612903225 0.24833702903225804 0.2462686564516129 0.2372505548387097 0.20447761129032258 0.23281596451612904 0.1910447758064516 0.24833702903225804 0.1925373129032258 0.2638580935483871 0.20447761129032258 0.2771618629032258
0 0.6522388064516129 0.31263858064516126 0.6850746274193548 0.30598669677419355 0.6686567161290322 0.2926829274193548 0.6298507467741935 0.2860310419354839 0.6268656709677419 0.3015521064516129 0.6522388064516129 0.31263858064516126
0 0.6970149258064516 0.3481153 0.7492537306451612 0.3525498887096774 0.7388059693548388 0.3370288241935484 0.6761194032258064 0.3215077612903226 0.6970149258064516 0.3481153
0 0.9462686564516128 0.31485587580645163 0.9985074629032258 0.3170731709677419 0.9985074629032258 0.29046563225806454 0.9597014919354838 0.28824833709677417 0.9373134322580645 0.29711751612903226 0.9313432838709677 0.3015521064516129 0.9462686564516128 0.31485587580645163
0 0.7865671645161291 0.28824833709677417 0.8761194032258065 0.28824833709677417 0.8686567161290323 0.27050997741935484 0.7671641790322581 0.2638580935483871 0.7626865677419356 0.2749445677419355 0.7865671645161291 0.28824833709677417
0 0.7208955225806452 0.2505543241935484 0.7626865677419356 0.2616407983870968 0.7970149258064516 0.25942350322580643 0.8014925370967741 0.23946785 0.7656716419354839 0.2283813741935484 0.7089552241935484 0.23503325967741934 0.7074626870967742 0.24168514354838708 0.7208955225806452 0.2505543241935484
0 0.7059701500000001 0.2150776048387097 0.7059701500000001 0.20842572096774195 0.6925373129032258 0.20620842580645163 0.6492537306451612 0.20842572096774195 0.6522388064516129 0.21951219516129034 0.7059701500000001 0.2150776048387097