0 0.034375 0.6895833338709678 0.0796875 0.6895833338709678 0.08125 0.6770833338709678 0.1 0.6729166661290322 0.175 0.68125 0.2171875 0.6666666661290322 0.2421875 0.6520833338709677 0.265625 0.6166666661290322 0.2640625 0.5979166661290323 0.2515625 0.5833333338709678 0.18125 0.5833333338709678 0.053125 0.6083333338709678 0.0453125 0.625 0.025 0.6375 0.025 0.6708333338709678 0.034375 0.6895833338709678
0 0.4203125 0.725 0.4765625 0.7791666661290322 0.559375 0.7979166661290322 0.5875 0.7770833338709677 0.578125 0.7604166661290322 0.528125 0.7145833338709677 0.4953125 0.6958333338709678 0.465625 0.6875 0.4171875 0.70625 0.4140625 0.7145833338709677 0.4203125 0.725
0 0.8078125 0.6625 0.809375 0.6729166661290322 0.8984375 0.7020833338709678 0.9578125 0.7395833338709678 0.9984375 0.7520833338709678 0.9984375 0.725 0.91875 0.6854166661290322 0.8921875 0.6458333338709678 0.8609375 0.63125 0.796875 0.63125 0.7859375 0.6395833338709678 0.7828125 0.6458333338709678 0.8078125 0.6625
0 0.715625 0.5875 0.7265625 0.575 0.740625 0.5791666661290322 0.7453125 0.5625 0.76875 0.5416666661290322 0.746875 0.53125 0.653125 0.53125 0.5703125 0.5416666661290322 0.55 0.5604166661290322 0.5171875 0.5708333338709678 0.5203125 0.5791666661290322 0.715625 0.5875
0 0.93125 0.47083333387096776 0.9484375 0.4645833338709678 0.86875 0.4333333338709678 0.853125 0.43541666612903224 0.8453125 0.4541666661290322 0.93125 0.47083333387096776
0 0.328125 0.4041666661290323 0.3484375 0.4333333338709678 0.3796875 0.4458333338709678 0.4546875 0.4645833338709678 0.478125 0.45 0.475 0.42708333387096775 0.4125 0.3895833338709677 0.375 0.39375 0.3625 0.4041666661290323 0.328125 0.4041666661290323
0 0.6234375 0.3895833338709677 0.634375 0.38125 0.6265625 0.37083333387096773 0.55 0.36666666612903226 0.509375 0.35625 0.475 0.3625 0.5046875 0.38333333387096774 0.6234375 0.3895833338709677
0 0.3265625 0.37083333387096773 0.3875 0.375 0.4328125 0.36875 0.440625 0.3604166661290323 0.4390625 0.35 0.40625 0.3458333338709677 0.3234375 0.35625 0.3171875 0.36458333387096775 0.3265625 0.37083333387096773
0 0.071875 0.4645833338709678 0.1203125 0.4604166661290322 0.0953125 0.4458333338709678 0.0625 0.44791666612903225 0.059375 0.45833333387096775 0.071875 0.4645833338709678
0 0.05 0.4375 0.090625 0.4333333338709678 0.090625 0.4208333338709678 0.103125 0.40625 0.1015625 0.3916666661290323 0.0796875 0.38541666612903225 0.025 0.3916666661290323 0.0265625 0.41875 0.05 0.4375
0 0.14375 0.33333333387096775 0.2046875 0.33125 0.2015625 0.32291666612903225 0.1625 0.3145833338709677 0.1328125 0.32083333387096774 0.13125 0.3291666661290323 0.14375 0.33333333387096775
0 0.5125 0.3375 0.475 0.325 0.446875 0.3291666661290323 0.4546875 0.34375 0.5125 0.3375
0 0.2765625 0.3458333338709677 0.2671875 0.33333333387096775 0.2328125 0.33125 0.234375 0.3458333338709677 0.2765625 0.3458333338709677