0 0.08026315806451613 0.8407494145161291 0.10131578870967742 0.8524590161290322 0.17894736774193548 0.8548009370967742 0.23684210483870968 0.8407494145161291 0.24736842096774195 0.8313817322580646 0.2539473677419355 0.8056206096774193 0.24342105322580646 0.7939110064516129 0.22236842096774195 0.7915690870967742 0.17236842096774194 0.7985948483870968 0.1078947370967742 0.7939110064516129 0.06842105322580645 0.8196721306451613 0.06578947419354839 0.8243559725806452 0.08026315806451613 0.8407494145161291
0 0.8328947370967741 0.997658079032258 0.8171052629032258 0.9812646370967743 0.7631578951612903 0.9625292741935484 0.7118421048387097 0.9718969548387096 0.697368420967742 0.9882903983870968 0.6947368419354839 0.997658079032258 0.8328947370967741 0.997658079032258
0 0.7763157887096774 0.9250585483870968 0.8118421048387097 0.9297423887096775 0.8289473677419354 0.9227166274193548 0.8368421048387096 0.8758782193548387 0.7815789467741936 0.8735362999999999 0.7657894741935484 0.8875878225806452 0.7644736838709677 0.8992974241935483 0.7763157887096774 0.9250585483870968
0 0.7157894741935483 0.8266978919354838 0.8 0.8196721306451613 0.822368420967742 0.8032786887096774 0.8526315790322581 0.7985948483870968 0.8578947370967741 0.7892271661290323 0.847368420967742 0.779859485483871 0.7460526322580645 0.779859485483871 0.7157894741935483 0.7658079629032257 0.6881578951612903 0.7939110064516129 0.6828947370967742 0.8149882903225806 0.7157894741935483 0.8266978919354838
0 0.5421052629032258 0.7025761129032259 0.5644736838709677 0.7096018741935484 0.6171052629032258 0.7025761129032259 0.6447368419354839 0.6885245903225806 0.6460526322580645 0.6721311467741936 0.6684210532258064 0.6487119435483871 0.722368420967742 0.6370023419354839 0.7289473677419355 0.6276346596774194 0.652631579032258 0.6252927403225806 0.6210526322580645 0.6346604209677419 0.6157894741935483 0.6487119435483871 0.5934210532258064 0.667447306451613 0.55 0.6580796258064516 0.5210526322580645 0.6721311467741936 0.5210526322580645 0.68384075 0.5421052629032258 0.7025761129032259
0 0.7013157887096774 0.5690866516129033 0.755263158064516 0.6042154564516129 0.7763157887096774 0.5948477758064515 0.8184210532258064 0.6112412177419355 0.8236842112903225 0.6252927403225806 0.8315789467741935 0.6182669790322581 0.8328947370967741 0.5362997661290323 0.8171052629032258 0.5362997661290323 0.7986842112903226 0.5035128806451612 0.7197368419354839 0.49648711935483875 0.6960526322580646 0.5105386419354838 0.6907894741935484 0.5269320838709678 0.7013157887096774 0.5690866516129033
0 0.6105263161290323 0.5081967209677419 0.6868421048387097 0.5081967209677419 0.7039473677419354 0.49648711935483875 0.6921052629032258 0.4847775177419355 0.6828947370967742 0.4894613580645161 0.6736842112903226 0.4800936774193548 0.6263157887096774 0.4730679161290322 0.6039473677419355 0.4847775177419355 0.6013157887096774 0.5011709596774194 0.6105263161290323 0.5081967209677419
0 0.5486842112903226 0.5714285709677419 0.6394736838709677 0.5362997661290323 0.6276315790322581 0.5292740048387097 0.5763157887096774 0.5316159258064517 0.5039473677419355 0.5433255274193548 0.48421052580645163 0.5667447306451613 0.49210526290322576 0.5761124129032259 0.5486842112903226 0.5714285709677419
0 0.3828947370967742 0.7353629983870967 0.42105263225806455 0.7681498822580645 0.5092105258064517 0.7681498822580645 0.5302631580645161 0.7564402806451613 0.5092105258064517 0.7189695548387097 0.4763157887096774 0.6885245903225806 0.3763157887096774 0.7119437935483871 0.372368420967742 0.7189695548387097 0.3828947370967742 0.7353629983870967
0 0.1657894741935484 0.7025761129032259 0.23552631612903227 0.7072599532258065 0.2460526322580645 0.697892270967742 0.3078947370967742 0.6908665112903226 0.39342105322580645 0.6604215451612904 0.4144736838709677 0.6487119435483871 0.41578947419354834 0.6370023419354839 0.4092105258064516 0.6299765806451613 0.3394736838709677 0.6323185016129031 0.24473684193548387 0.6533957838709678 0.16184210483870967 0.6580796258064516 0.1421052629032258 0.6697892274193549 0.13026315806451613 0.68384075 0.1657894741935484 0.7025761129032259
0 0.05526315806451612 0.4074941451612903 0.04473684193548387 0.46370023387096776 0.06578947419354839 0.49648711935483875 0.06973684193548388 0.555035129032258 0.09736842096774193 0.555035129032258 0.10526315806451614 0.5433255274193548 0.10263157903225807 0.5269320838709678 0.11184210483870968 0.5058548016129032 0.0921052629032258 0.4847775177419355 0.08684210483870967 0.45667447258064514 0.09473684193548387 0.4355971903225807 0.09736842096774193 0.40281030483870967 0.06578947419354839 0.37002341935483873 0.059210525806451614 0.3442622951612903 0.06447368387096775 0.31850117096774194 0.04736842096774194 0.2974238870967742 0.04736842096774194 0.28571428548387096 0.031578946774193546 0.28571428548387096 0.031578946774193546 0.31381733064516126 0.05526315806451612 0.4074941451612903
0 0.22105263225806449 0.47540983548387095 0.24473684193548387 0.48243559677419356 0.26710526290322584 0.4707259951612903 0.26710526290322584 0.4496487112903226 0.25526315806451616 0.43793910967741934 0.21842105322580646 0.44262295161290316 0.21052631612903228 0.4660421548387097 0.22105263225806449 0.47540983548387095
0 0.14605263225806453 0.44262295161290316 0.1578947370967742 0.4496487112903226 0.20131578870967742 0.44262295161290316 0.18026315806451615 0.41920374677419353 0.14342105322580645 0.4262295080645161 0.1407894741935484 0.4332552693548387 0.14605263225806453 0.44262295161290316
0 0.2907894741935484 0.4332552693548387 0.34342105322580646 0.4309133483870968 0.3684210532258064 0.41920374677419353 0.3684210532258064 0.4098360661290323 0.35657894677419355 0.4074941451612903 0.2631578951612903 0.4145199064516129 0.2592105258064516 0.4262295080645161 0.2907894741935484 0.4332552693548387
0 0.3684210532258064 0.4660421548387097 0.4236842112903226 0.45901639354838714 0.41578947419354834 0.4496487112903226 0.3789473677419355 0.44262295161290316 0.3394736838709677 0.4496487112903226 0.3342105258064516 0.45901639354838714 0.3684210532258064 0.4660421548387097
0 0.4092105258064516 0.49648711935483875 0.43947368387096775 0.4894613580645161 0.4315789467741936 0.47775175645161294 0.39736842096774194 0.4800936774193548 0.39736842096774194 0.491803279032258 0.4092105258064516 0.49648711935483875
0 0.43947368387096775 0.4496487112903226 0.4934210532258064 0.4496487112903226 0.5407894741935484 0.43793910967741934 0.5513157887096775 0.41686182741935485 0.4236842112903226 0.41686182741935485 0.4105263161290323 0.4262295080645161 0.41578947419354834 0.44262295161290316 0.43947368387096775 0.4496487112903226
0 0.3289473677419355 0.38641686129032254 0.3605263161290323 0.39344262258064516 0.43947368387096775 0.3911007032258065 0.47236842096774195 0.37470725967741936 0.47105263225806454 0.3629976580645161 0.43552631612903225 0.35597189677419355 0.3421052629032258 0.3629976580645161 0.3157894741935484 0.3723653403225807 0.3289473677419355 0.38641686129032254
0 0.24736842096774195 0.3817330209677419 0.26973684193548386 0.37939110000000004 0.2789473677419355 0.36768149838709674 0.28157894677419354 0.3770491806451613 0.2894736838709677 0.37470725967741936 0.26710526290322584 0.35597189677419355 0.24473684193548387 0.37002341935483873 0.2407894741935484 0.3770491806451613 0.24736842096774195 0.3817330209677419
0 0.22631578870967742 0.34660421612903225 0.26710526290322584 0.33723653387096775 0.26842105322580645 0.3255269322580645 0.1921052629032258 0.3348946129032258 0.18552631612903225 0.3442622951612903 0.22631578870967742 0.34660421612903225
0 0.15 0.3114754096774194 0.19342105322580647 0.3067915693548387 0.20789473709677417 0.2927400467741936 0.09868421129032258 0.2974238870967742 0.10263157903225807 0.3067915693548387 0.15 0.3114754096774194