0 0.39682539677419354 0.9152542370967742 0.41269841290322584 0.9343220338709678 0.45555555483870963 0.9491525419354838 0.5603174596774193 0.9385593225806452 0.6174603177419355 0.9152542370967742 0.6476190483870968 0.8707627112903226 0.65079365 0.8538135596774195 0.6301587306451614 0.8220338983870968 0.6047619048387097 0.8029661016129032 0.5904761903225806 0.7754237290322581 0.5412698419354839 0.7690677967741935 0.47142857096774193 0.7860169483870968 0.45555555483870963 0.7817796612903226 0.4174603177419355 0.7966101693548387 0.40793650806451615 0.8347457629032258 0.39047619032258063 0.8580508467741936 0.38571428548387093 0.8792372887096774 0.39682539677419354 0.9152542370967742
0 0.17936507903225807 0.9978813564516128 0.19206349193548386 0.9936440677419354 0.2174603177419355 0.9343220338709678 0.17936507903225807 0.9173728806451612 0.08095238064516129 0.9152542370967742 0.02539682580645161 0.9385593225806452 0.004761904838709677 0.9597457629032258 0 0.9978813564516128 0.17936507903225807 0.9978813564516128
0 0.11111111129032258 0.7817796612903226 0.12698412741935483 0.7966101693548387 0.2111111112903226 0.8008474580645161 0.24603174677419354 0.7775423725806452 0.23492063548387096 0.7521186435483871 0.2269841274193548 0.760593220967742 0.22063492096774195 0.7563559322580645 0.20476190483870968 0.7309322032258065 0.15238095161290324 0.7245762709677419 0.13492063548387098 0.7330508467741936 0.1365079370967742 0.7690677967741935 0.11111111129032258 0.7817796612903226
0 0.25396825322580646 0.6694915258064517 0.3095238096774194 0.6673728806451613 0.33333333387096775 0.6546610177419355 0.3047619048387097 0.6271186435483871 0.1698412693548387 0.635593220967742 0.18571428548387098 0.6504237290322581 0.25396825322580646 0.6694915258064517
0 0.2666666661290323 0.5423728806451613 0.39682539677419354 0.5338983048387097 0.41904761935483875 0.5169491532258064 0.39841269838709675 0.49576271129032257 0.3746031741935484 0.4936440677419355 0.3 0.5084745758064516 0.24444444516129032 0.5042372887096774 0.23492063548387096 0.5169491532258064 0.23333333387096772 0.5338983048387097 0.2666666661290323 0.5423728806451613
0 0.42539682580645166 0.510593220967742 0.4539682532258064 0.5148305080645161 0.5682539677419355 0.49576271129032257 0.5793650790322581 0.487288135483871 0.5666666661290323 0.4809322032258065 0.46190476129032254 0.4830508467741936 0.4238095241935484 0.4978813564516129 0.42063492096774197 0.5063559322580645 0.42539682580645166 0.510593220967742
0 0.2984126983870968 0.4555084741935484 0.4174603177419355 0.4555084741935484 0.5222222225806452 0.4406779661290323 0.5095238096774194 0.4237288129032258 0.48571428548387097 0.4194915258064516 0.36666666612903226 0.4300847451612903 0.29206349193548387 0.4237288129032258 0.2730158725806452 0.4322033903225806 0.271428570967742 0.4427966096774194 0.2984126983870968 0.4555084741935484
0 0.5650793645161291 0.38983050806451613 0.5777777774193548 0.3834745758064516 0.5428571435483871 0.375 0.4968253967741936 0.3813559322580645 0.4968253967741936 0.38983050806451613 0.5650793645161291 0.38983050806451613
0 0.40952380967741936 0.3580508467741935 0.41587301612903227 0.3728813564516129 0.47777777741935484 0.36440677903225804 0.4523809516129032 0.34533898225806453 0.40476190483870966 0.34533898225806453 0.40158730161290324 0.3580508467741935 0.40952380967741936 0.3580508467741935
0 0.45555555483870963 0.3326271193548387 0.5412698419354839 0.3326271193548387 0.5476190483870969 0.3262711870967742 0.5063492064516129 0.31567796612903226 0.41904761935483875 0.31779660967741935 0.41904761935483875 0.3283898306451613 0.45555555483870963 0.3326271193548387
0 0.4984126983870968 0.29025423709677417 0.5253968258064516 0.2817796612903226 0.5301587306451613 0.2669491532258065 0.4920634919354839 0.26271186451612905 0.47301587258064515 0.27330508548387095 0.47301587258064515 0.2838983048387097 0.4984126983870968 0.29025423709677417
0 0.7158730161290323 0.3771186435483871 0.7460317467741936 0.38983050806451613 0.7666666661290322 0.3813559322580645 0.7603174596774194 0.35593220322580643 0.7174603177419355 0.3411016951612903 0.7111111112903226 0.35593220322580643 0.7158730161290323 0.3771186435483871
0 0.8079365080645161 0.4173728806451613 0.7841269838709677 0.40466101774193547 0.7365079370967742 0.4110169483870968 0.7428571435483872 0.4194915258064516 0.8079365080645161 0.4173728806451613
0 0.8174603177419355 0.4639830516129032 0.8603174596774195 0.4618644064516129 0.8634920629032259 0.4533898306451613 0.84920635 0.4343220338709677 0.7873015870967742 0.4406779661290323 0.7873015870967742 0.4533898306451613 0.8174603177419355 0.4639830516129032
0 0.9158730161290323 0.5211864403225805 0.9285714290322581 0.5508474580645161 0.9666666661290323 0.5677966096774194 0.9968253967741936 0.5656779661290323 0.9936507935483871 0.5529661016129032 0.9285714290322581 0.5021186435483871 0.8952380951612904 0.4936440677419355 0.892063491935484 0.5 0.9158730161290323 0.5211864403225805
0 0.7746031741935484 0.6398305080645161 0.8079365080645161 0.6398305080645161 0.8333333338709676 0.625 0.8555555548387096 0.6228813564516129 0.8206349209677419 0.6059322032258065 0.7555555548387096 0.6101694919354839 0.75079365 0.6186440677419355 0.75079365 0.6334745758064516 0.7746031741935484 0.6398305080645161
0 0.7825396822580645 0.737288135483871 0.7825396822580645 0.7457627112903226 0.8079365080645161 0.7648305080645161 0.8603174596774195 0.7669491532258064 0.94920635 0.7330508467741936 0.9444444451612903 0.7161016951612903 0.9365079370967742 0.7118644064516129 0.8571428564516129 0.7139830516129032 0.8206349209677419 0.737288135483871 0.7825396822580645 0.737288135483871